ets Jul 29 2019 12:21:46

rst:0x1 (POWERON_RESET),boot:0x12 (SPI_FAST_FLASH_BOOT)
configsip: 0, SPIWP:0xee
clk_drv:0x00,q_drv:0x00,d_drv:0x00,cs0_drv:0x00,hd_drv:0x00,wp_drv:0x00
mode:DIO, clock div:2
load:0x3fff0040,len:6272
load:0x40078000,len:15848
load:0x40080400,len:3920
entry 0x40080644
I (27) boot: ESP-IDF v6.0 2nd stage bootloader
I (27) boot: compile time Apr 23 2026 08:09:33
I (27) boot: Multicore bootloader
I (29) boot: chip revision: v3.1
I (31) boot.esp32: SPI Speed      : 40MHz
I (35) boot.esp32: SPI Mode       : DIO
I (39) boot.esp32: SPI Flash Size : 2MB
I (42) boot: Enabling RNG early entropy source...
I (47) boot: Partition Table:
I (49) boot: ## Label            Usage          Type ST Offset   Length
I (56) boot:  0 nvs              WiFi data        01 02 00009000 00006000
I (62) boot:  1 phy_init         RF data          01 01 0000f000 00001000
I (69) boot:  2 factory          factory app      00 00 00010000 00100000
I (75) boot: End of partition table
I (79) esp_image: segment 0: paddr=00010020 vaddr=3f400020 size=09658h ( 38488) map
I (100) esp_image: segment 1: paddr=00019680 vaddr=3ffb0000 size=02a2ch ( 10796) load
I (104) esp_image: segment 2: paddr=0001c0b4 vaddr=40080000 size=03f64h ( 16228) load
I (111) esp_image: segment 3: paddr=00020020 vaddr=400d0020 size=0f5dch ( 62940) map
I (134) esp_image: segment 4: paddr=0002f604 vaddr=40083f64 size=06e18h ( 28184) load
I (145) esp_image: segment 5: paddr=00036424 vaddr=50000000 size=00028h (    40) load
I (151) boot: Loaded app from partition at offset 0x10000
I (152) boot: Disabling RNG early entropy source...
I (164) cpu_start: Multicore app
I (172) cpu_start: GPIO 3 and 1 are used as console UART I/O pins
I (172) cpu_start: Pro cpu start user code
I (172) cpu_start: cpu freq: 160000000 Hz
I (174) app_init: Application information:
I (178) app_init: Project name:     app-template
I (182) app_init: App version:      1
I (185) app_init: Compile time:     Apr 23 2026 08:07:59
I (191) app_init: ELF file SHA256:  41ca3ddc5...
I (195) app_init: ESP-IDF:          v6.0
I (198) efuse_init: Min chip rev:     v0.0
I (202) efuse_init: Max chip rev:     v3.99 
I (206) efuse_init: Chip rev:         v3.1
I (210) heap_init: Initializing. RAM available for dynamic allocation:
I (217) heap_init: At 3FFAE6E0 len 00001920 (6 KiB): DRAM
I (222) heap_init: At 3FFB3410 len 0002CBF0 (178 KiB): DRAM
I (227) heap_init: At 3FFE0440 len 00003AE0 (14 KiB): D/IRAM
I (232) heap_init: At 3FFE4350 len 0001BCB0 (111 KiB): D/IRAM
I (238) heap_init: At 4008AD7C len 00015284 (84 KiB): IRAM
I (244) spi_flash: detected chip: generic
I (247) spi_flash: flash io: dio
W (250) spi_flash: Detected size(4096k) larger than the size in the binary image header(2048k). Using the size in the binary image header.
I (263) main_task: Started on CPU0
I (273) main_task: Calling app_main()
1,1906,90.61,0.000000 
2,1914,92.35,0.982414 
3,1914,92.35,0.953708 
4,1909,91.26,0.953845 
5,1914,92.35,0.972012 
6,1890,87.12,0.954122 
7,1913,92.13,1.040802 
8,1915,92.57,0.958014 
9,1900,89.30,0.950940 
Forno LIGADOForno LIGADOForno LIGADOForno LIGADOForno LIGADOForno LIGADOForno LIGADOForno LIGADOForno LIGADOForno LIGADOForno LIGADOForno LIGADOForno LIGADO10,1914,92.35,1.005166 
11,1917,93.01,0.954827 
12,1905,90.39,0.944146 
13,1913,92.13,0.987553 
14,1917,93.01,0.958847 
15,1919,93.44,0.944561 
16,1916,92.79,0.937485 
17,1919,93.44,0.948437 
18,1913,92.13,0.937755 
19,1914,92.35,0.959526 
20,1914,92.35,0.956057 
21,1919,93.44,0.956194 
22,1920,93.66,0.938302 
23,1920,93.66,0.934830 
24,1922,94.10,0.934964 
25,1925,94.75,0.927886 
26,1925,94.75,0.917201 
27,1927,95.19,0.917333 
28,1925,94.75,0.910252 
29,1925,94.75,0.917594 
30,1933,96.49,0.917726 
31,1934,96.71,0.889009 
32,1934,96.71,0.885531 
33,1931,96.06,0.885657 
34,1936,97.15,0.896602 
35,1937,97.37,0.878700 
36,1936,97.15,0.875220 
37,1939,97.80,0.878951 
38,1947,99.55,0.868259 
39,1939,97.80,0.839536 
40,1948,99.76,0.868503 
41,1949,99.98,0.836174 
42,1781,63.36,0.832687 
43,1942,98.46,1.438611 
44,1948,99.76,0.858254 
45,1947,99.55,0.836741 
46,1946,99.33,0.840466 
47,1950,100.20,0.844192 
48,1952,100.64,0.829889 
49,1950,100.20,0.822795 
50,1963,103.03,0.830125 
51,1955,101.29,0.783365 
52,1956,101.51,0.812325 
53,1952,100.64,0.808835 
54,1952,100.64,0.823374 
55,1950,100.20,0.823492 
56,1959,102.16,0.830821 
57,1958,101.94,0.798485 
58,1964,103.25,0.802205 
59,1959,102.16,0.780684 
60,1959,102.16,0.798825 
61,1968,104.12,0.798939 
62,1963,103.03,0.766599 
63,1967,103.91,0.784738 
64,1966,103.69,0.770425 
65,1963,103.03,0.774141 
66,1964,103.25,0.785069 
67,1943,98.67,0.781575 
68,1965,103.47,0.857411 
69,1958,101.94,0.778202 
70,1968,104.12,0.803555 
71,1968,104.12,0.767609 
72,1970,104.56,0.767718 
73,1972,105.00,0.760615 
74,1975,105.65,0.753511 
75,1970,104.56,0.742801 
76,1978,106.30,0.760936 
77,1984,107.61,0.732196 
78,1982,107.18,0.710664 
79,1982,107.18,0.717977 
80,1968,104.12,0.718079 
81,1990,108.92,0.768664 
82,1984,107.61,0.689442 
83,1994,109.79,0.711176 
84,1991,109.14,0.675217 
85,1984,107.61,0.686130 
86,1993,109.57,0.711469 
87,1995,110.01,0.679116 
88,1990,108.92,0.672000 
89,1995,110.01,0.690125 
90,1996,110.23,0.672193 
91,1998,110.66,0.668682 
92,2000,111.10,0.661565 
93,1999,110.88,0.654447 
94,1999,110.88,0.658145 
95,2000,111.10,0.658238 
96,2000,111.10,0.654725 
97,2000,111.10,0.654818 
98,2003,111.75,0.654910 
99,2011,113.50,0.644185 
100,2002,111.54,0.615428 
101,2005,112.19,0.647969 
102,2010,113.28,0.637242 
103,2010,113.28,0.619302 
104,2010,113.28,0.619390 
105,2014,114.15,0.619477 
106,2007,112.63,0.605140 
107,2013,113.93,0.630467 
108,2026,116.77,0.608920 
109,2014,114.15,0.562129 
110,2015,114.37,0.605479 
111,2017,114.81,0.601959 
112,2014,114.15,0.594831 
113,2020,115.46,0.605733 
114,1974,105.43,0.584182 
115,2022,115.90,0.750140 
116,2022,115.90,0.577159 
117,2020,115.46,0.577240 
118,2026,116.77,0.584533 
119,2030,117.64,0.562979 
120,2033,118.29,0.548634 
121,2027,116.99,0.537893 
122,2032,118.08,0.559604 
123,2030,117.64,0.541653 
124,2032,118.08,0.548941 
125,2018,115.02,0.541806 
126,2026,116.77,0.592366 
127,2032,118.08,0.563601 
128,2038,119.38,0.542044 
129,2035,118.73,0.520484 
130,2038,119.38,0.531375 
131,2036,118.95,0.520631 
132,2039,119.60,0.527916 
133,2039,119.60,0.517172 
134,2038,119.38,0.517244 
135,2039,119.60,0.520923 
136,2042,120.26,0.517390 
137,2053,122.65,0.506644 
138,2041,120.04,0.467049 
139,2047,121.35,0.510386 
140,2034,118.51,0.488821 
141,2053,122.65,0.535767 
142,2053,122.65,0.467328 
143,2054,122.87,0.467393 
144,2057,123.53,0.463852 
145,2053,122.65,0.453099 
146,2061,124.40,0.467586 
147,2030,117.64,0.438803 
148,2059,123.96,0.550649 
149,2061,124.40,0.446153 
150,2055,123.09,0.439003 
151,2034,118.51,0.460700 
152,2064,125.05,0.536489 
153,2065,125.27,0.428385 
154,2064,125.05,0.424838 
155,2064,125.05,0.428503 
156,2064,125.05,0.428562 
157,2064,125.05,0.428621 
158,2065,125.27,0.428681 
159,2054,122.87,0.425134 
160,2063,124.83,0.464859 
161,2065,125.27,0.432469 
162,2078,128.10,0.425317 
163,2067,125.71,0.378498 
164,2071,126.58,0.418216 
165,2069,126.14,0.403850 
166,2067,125.71,0.411118 
167,2074,127.23,0.418386 
168,2066,125.49,0.393202 
169,2074,127.23,0.422104 
170,2073,127.01,0.393315 
171,2070,126.36,0.396975 
172,2070,126.36,0.407848 
173,2074,127.23,0.407904 
174,2068,125.92,0.393536 
175,2071,126.58,0.415226 
176,2074,127.23,0.404465 
177,2081,128.76,0.393703 
178,2074,127.23,0.368516 
179,2082,128.98,0.393808 
180,2075,127.45,0.365014 
181,2077,127.89,0.390306 
182,2075,127.45,0.383148 
183,2077,127.89,0.390412 
184,2076,127.67,0.383254 
185,2079,128.32,0.386913 
186,2064,125.05,0.376148 
187,2083,129.19,0.430289 
188,2081,128.76,0.361835 
189,2085,129.63,0.369096 
190,2080,128.54,0.354723 
191,2082,128.98,0.372801 
192,2096,132.03,0.365640 
193,2082,128.98,0.315207 
194,2085,129.63,0.365733 
195,2073,127.01,0.354965 
196,2090,130.72,0.398285 
197,2089,130.50,0.337038 
198,2089,130.50,0.340690 
199,2093,131.37,0.340737 
200,2091,130.94,0.326359 
201,2093,131.37,0.333615 
202,2096,132.03,0.326449 
203,2096,132.03,0.315675 
204,2114,135.95,0.315718 
205,2096,132.03,0.250853 
206,2096,132.03,0.315794 
207,2097,132.25,0.315837 
208,2098,132.46,0.312273 
209,2098,132.46,0.308710 
210,2099,132.68,0.308751 
211,2102,133.34,0.305187 
212,2101,133.12,0.294410 
213,2101,133.12,0.298056 
214,2099,132.68,0.298096 
215,2098,132.46,0.305348 
216,2101,133.12,0.308995 
217,2102,133.34,0.298219 
218,2102,133.34,0.294653 
219,2098,132.46,0.294693 
220,2108,134.64,0.309156 
221,2103,133.55,0.273138 
222,2110,135.08,0.291205 
223,2109,134.86,0.266002 
224,2110,135.08,0.269644 
225,2112,135.52,0.266074 
226,2099,132.68,0.258897 
227,2106,134.21,0.305809 
228,2103,133.55,0.280609 
229,2105,133.99,0.291464 
230,2109,134.86,0.284291 
231,2096,132.03,0.269905 
232,2107,134.43,0.316819 
233,2105,133.99,0.277196 
234,2102,133.34,0.284445 
235,2100,132.90,0.295301 
236,2110,135.08,0.302553 
237,2119,137.04,0.266534 
238,2107,134.43,0.234115 
239,2112,135.52,0.277418 
240,2109,134.86,0.259425 
241,2108,134.64,0.270277 
242,2105,133.99,0.273919 
243,2107,134.43,0.284774 
244,2111,135.30,0.277600 
245,2106,134.21,0.263213 
246,2102,133.34,0.281278 
247,2102,133.34,0.295740 
248,2108,134.64,0.295779 
249,2106,134.21,0.274183 
250,2106,134.21,0.281431 
251,2102,133.34,0.281469 
252,2107,134.43,0.295930 
253,2113,135.73,0.277940 
254,2109,134.86,0.256341 
255,2112,135.52,0.270799 
256,2109,134.86,0.260017 
257,2112,135.52,0.270870 
258,2111,135.30,0.260088 
259,2113,135.73,0.263728 
260,2112,135.52,0.256551 
261,2107,134.43,0.260191 
262,2106,134.21,0.278255 
263,2107,134.43,0.281898 
264,2113,135.73,0.278330 
265,2115,136.17,0.256731 
266,2112,135.52,0.249553 
267,2112,135.52,0.260404 
268,2115,136.17,0.260438 
269,2112,135.52,0.249655 
270,2113,135.73,0.260506 
271,2112,135.52,0.256934 
272,2112,135.52,0.260574 
273,2117,136.61,0.260608 
274,2112,135.52,0.242613 
275,2112,135.52,0.260675 
276,2118,136.82,0.260709 
277,2115,136.17,0.239108 
278,2126,138.57,0.249957 
279,2112,135.52,0.210324 
280,2115,136.17,0.260835 
281,2102,133.34,0.250052 
282,2116,136.39,0.296962 
283,2116,136.39,0.246518 
284,2110,135.08,0.246551 
285,2119,137.04,0.268219 
286,2115,136.17,0.235800 
287,2116,136.39,0.250255 
288,2121,137.48,0.246682 
289,2121,137.48,0.228685 
290,2131,139.66,0.228715 
291,2112,135.52,0.192684 
292,2122,137.70,0.261223 
293,2117,136.61,0.225197 
294,2160,145.98,0.243256 
295,2116,136.39,0.088231 
296,2116,136.39,0.246904 
297,2118,136.82,0.246936 
298,2114,135.95,0.239757 
299,2118,136.82,0.254212 
300,2117,136.61,0.239821 
301,2113,135.73,0.243459 
302,2122,137.70,0.257915 
303,2123,137.91,0.225495 
304,2119,137.04,0.221918 
305,2117,136.61,0.236370 
306,2117,136.61,0.243613 
307,2115,136.17,0.243645 
308,2122,137.70,0.250889 
309,2125,138.35,0.225680 
310,2117,136.61,0.214891 
311,2125,138.35,0.243767 
312,2022,115.90,0.214951 
313,2121,137.48,0.586394 
314,2121,137.48,0.229484 
315,2119,137.04,0.229514 
316,2123,137.91,0.236755 
317,2122,137.70,0.222362 
318,2128,139.00,0.225997 
319,2125,138.35,0.204390 
320,2125,138.35,0.215234 
321,2127,138.79,0.215262 
322,2128,139.00,0.208078 
323,2128,139.00,0.204499 
324,2128,139.00,0.204525 
325,2128,139.00,0.204551 
326,2126,138.57,0.204577 
327,2118,136.82,0.211815 
328,2126,138.57,0.240690 
329,2131,139.66,0.211874 
330,2127,138.79,0.193871 
331,2110,135.08,0.208319 
332,2128,139.00,0.269648 
333,2121,137.48,0.204776 
334,2125,138.35,0.230044 
335,2127,138.79,0.215649 
336,2128,139.00,0.208465 
337,2126,138.57,0.204886 
338,2128,139.00,0.212124 
339,2127,138.79,0.204939 
340,2128,139.00,0.208571 
341,2128,139.00,0.204992 
342,2124,138.13,0.205018 
343,2114,135.95,0.219468 
344,2126,138.57,0.255556 
345,2128,139.00,0.212318 
346,2112,135.52,0.205133 
347,2130,139.44,0.262855 
348,2128,139.00,0.197982 
349,2125,138.35,0.205219 
350,2131,139.66,0.216063 
351,2128,139.00,0.194455 
352,2125,138.35,0.205297 
353,2124,138.13,0.216141 
354,2128,139.00,0.219775 
355,2128,139.00,0.205380 
356,2130,139.44,0.205406 
357,2129,139.22,0.198220 
358,2129,139.22,0.201851 
359,2126,138.57,0.201877 
360,2132,139.88,0.212720 
361,2128,139.00,0.191111 
362,2133,140.09,0.205559 
363,2127,138.79,0.187556 
364,2128,139.00,0.209215 
365,2132,139.88,0.205636 
366,2140,141.62,0.191238 
367,2131,139.66,0.162414 
368,2134,140.31,0.194888 
369,2128,139.00,0.184095 
370,2128,139.00,0.205754 
371,2135,140.53,0.205780 
372,2128,139.00,0.180564 
373,2128,139.00,0.205828 
374,2128,139.00,0.205855 
375,2134,140.31,0.205881 
376,2128,139.00,0.184271 
377,2128,139.00,0.205930 
378,2142,142.06,0.205956 
379,2130,139.44,0.155499 
380,2134,140.31,0.198789 
381,2128,139.00,0.184390 
382,2131,139.66,0.206049 
383,2129,139.22,0.195257 
384,2128,139.00,0.202494 
385,2155,144.89,0.206126 
386,2128,139.00,0.108790 
387,2128,139.00,0.206164 
388,2131,139.66,0.206190 
389,2129,139.22,0.195398 
390,2128,139.00,0.202635 
391,2138,141.18,0.206267 
392,2128,139.00,0.170233 
393,2128,139.00,0.206314 
394,2128,139.00,0.206340 
395,2126,138.57,0.206366 
396,2128,139.00,0.213604 
397,2158,145.54,0.206419 
398,2135,140.53,0.098266 
399,2127,138.79,0.181214 
400,2129,139.22,0.210085 
401,2133,140.09,0.202899 
402,2134,140.31,0.188501 
403,2128,139.00,0.184919 
404,2128,139.00,0.206578 
405,2130,139.44,0.206604 
406,2128,139.00,0.199418 
407,2141,141.84,0.206655 
408,2128,139.00,0.159803 
409,2128,139.00,0.206701 
410,2128,139.00,0.206727 
411,2128,139.00,0.206753 
412,2127,138.79,0.206779 
413,2174,149.03,0.210411 
414,2131,139.66,0.040957 
415,2130,139.44,0.196016 
416,2128,139.00,0.199647 
417,2129,139.22,0.206884 
418,2131,139.66,0.203304 
419,2128,139.00,0.196118 
420,2129,139.22,0.206960 
421,2130,139.44,0.203380 
422,2132,139.88,0.199800 
423,2132,139.88,0.192613 
424,2128,139.00,0.192637 
425,2128,139.00,0.207085 
426,2140,141.62,0.207111 
427,2127,138.79,0.163866 
428,2125,138.35,0.210764 
429,2127,138.79,0.218002 
430,2130,139.44,0.210818 
431,2128,139.00,0.200027 
432,2130,139.44,0.207264 
433,2128,139.00,0.200078 
434,2128,139.00,0.207315 
435,2131,139.66,0.207341 
436,2130,139.44,0.196549 
437,2130,139.44,0.200180 
438,2140,141.62,0.200205 
439,2129,139.22,0.164170 
440,2129,139.22,0.203856 
441,2119,137.04,0.203882 
442,2128,139.00,0.239967 
443,2128,139.00,0.207544 
444,2129,139.22,0.207570 
445,2130,139.44,0.203990 
446,2128,139.00,0.200410 
447,2129,139.22,0.207647 
448,2134,140.31,0.204067 
449,2134,140.31,0.186063 
450,2130,139.44,0.186086 
451,2137,140.97,0.200533 
452,2130,139.44,0.175316 
453,2129,139.22,0.200580 
454,2130,139.44,0.204211 
455,2128,139.00,0.200630 
456,2129,139.22,0.207868 
457,2142,142.06,0.204288 
458,2132,139.88,0.157436 
459,2129,139.22,0.193514 
460,2130,139.44,0.204356 
461,2128,139.00,0.200776 
462,2128,139.00,0.208013 
463,2146,142.93,0.208039 
464,2134,140.31,0.143158 
465,2128,139.00,0.186446 
466,2129,139.22,0.208105 
467,2118,136.82,0.204525 
468,2128,139.00,0.244217 
469,2128,139.00,0.208188 
470,2128,139.00,0.208214 
471,2115,136.17,0.208241 
472,2127,138.79,0.255145 
473,2129,139.22,0.211906 
474,2130,139.44,0.204720 
475,2129,139.22,0.201140 
476,2128,139.00,0.204771 
477,2139,141.40,0.208403 
478,2128,139.00,0.168763 
479,2129,139.22,0.208449 
480,2143,142.27,0.204869 
481,2130,139.44,0.154411 
482,2133,140.09,0.201307 
483,2118,136.82,0.190515 
484,2144,142.49,0.244628 
485,2122,137.70,0.150904 
486,2147,143.15,0.230253 
487,2132,139.88,0.140133 
488,2135,140.53,0.194239 
489,2130,139.44,0.183445 
490,2144,142.49,0.201498 
491,2133,140.09,0.151039 
492,2133,140.09,0.190723 
493,2133,140.09,0.190746 
494,2138,141.18,0.190770 
495,2128,139.00,0.172763 
496,2132,139.88,0.208844 
497,2132,139.88,0.194446 
498,2129,139.22,0.194470 
499,2134,140.31,0.205312 
500,2133,140.09,0.187308 
501,2131,139.66,0.190937 
502,2129,139.22,0.198173 
503,2134,140.31,0.205409 
504,2137,140.97,0.187405 
505,2133,140.09,0.176610 
506,2138,141.18,0.191056 
507,2150,143.80,0.173049 
508,2135,140.53,0.129798 
509,2133,140.09,0.183903 
510,2132,139.88,0.191137 
511,2130,139.44,0.194767 
512,2133,140.09,0.202003 
513,2121,137.48,0.191210 
514,2130,139.44,0.234505 
515,2129,139.22,0.202081 
516,2130,139.44,0.205712 
517,2131,139.66,0.202132 
518,2139,141.40,0.198551 
519,2128,139.00,0.169728 
520,2128,139.00,0.209414 
521,2128,139.00,0.209440 
522,2128,139.00,0.209467 
523,2134,140.31,0.209493 
524,2128,139.00,0.187883 
525,2122,137.70,0.209542 
526,2129,139.22,0.231204 
527,2124,138.13,0.205991 
528,2131,139.66,0.224047 
529,2131,139.66,0.198833 
530,2128,139.00,0.198858 
531,2108,134.64,0.209700 
532,2117,136.61,0.281846 
533,2134,140.31,0.249429 
534,2131,139.66,0.188159 
535,2128,139.00,0.199000 
536,2128,139.00,0.209843 
537,2137,140.97,0.209869 
538,2129,139.22,0.177441 
539,2128,139.00,0.206310 
540,2128,139.00,0.209942 
541,2128,139.00,0.209968 
542,2128,139.00,0.209994 
543,2128,139.00,0.210021 
544,2128,139.00,0.210047 
545,2131,139.66,0.210073 
546,2128,139.00,0.199281 
547,2129,139.22,0.210124 
548,2127,138.79,0.206544 
549,2134,140.31,0.213781 
550,2128,139.00,0.188566 
551,2124,138.13,0.210225 
552,2129,139.22,0.224675 
553,2128,139.00,0.206673 
554,2112,135.52,0.210305 
555,2126,138.57,0.268027 
556,2128,139.00,0.217578 
557,2129,139.22,0.210393 
558,2123,137.91,0.206813 
559,2131,139.66,0.228474 
560,2128,139.00,0.199655 
561,2132,139.88,0.210498 
562,2128,139.00,0.196100 
563,2129,139.22,0.210548 
564,2134,140.31,0.206968 
565,2127,138.79,0.188964 
566,2128,139.00,0.214229 
567,2128,139.00,0.210650 
568,2128,139.00,0.210676 
569,2131,139.66,0.210702 
570,2128,139.00,0.199910 
571,2127,138.79,0.210753 
572,2131,139.66,0.214385 
573,2130,139.44,0.199988 
574,2126,138.57,0.203618 
575,2128,139.00,0.218067 
576,2128,139.00,0.210883 
577,2128,139.00,0.210909 
578,2128,139.00,0.210935 
579,2128,139.00,0.210961 
580,2126,138.57,0.210987 
581,2132,139.88,0.218225 
582,2133,140.09,0.196616 
583,2128,139.00,0.193035 
584,2134,140.31,0.211088 
585,2133,140.09,0.189478 
586,2135,140.53,0.193107 
587,2131,139.66,0.185919 
588,2133,140.09,0.200365 
589,2139,141.40,0.193178 
590,2137,140.97,0.171566 
591,2139,141.40,0.178798 
592,2140,141.62,0.171608 
593,2133,140.09,0.168022 
594,2132,139.88,0.193284 
595,2133,140.09,0.196913 
596,2134,140.31,0.193332 
597,2135,140.53,0.189749 
598,2134,140.31,0.186166 
599,2132,139.88,0.189795 
600,2130,139.44,0.197030 
601,2134,140.31,0.204266 
602,2129,139.22,0.189867 
603,2128,139.00,0.207920 
604,2135,140.53,0.211552 
605,2130,139.44,0.186336 
606,2133,140.09,0.204388 
607,2137,140.97,0.193596 
608,2129,139.22,0.179195 
609,2133,140.09,0.208064 
610,2185,151.43,0.193666 
611,2119,137.04,0.006179 
612,2132,139.88,0.244170 
613,2132,139.88,0.197323 
614,2144,142.49,0.197347 
615,2128,139.00,0.154099 
616,2132,139.88,0.211813 
617,2133,140.09,0.197415 
618,2131,139.66,0.193833 
619,2133,140.09,0.201069 
620,2138,141.18,0.193882 
621,2138,141.18,0.175875 
622,2129,139.22,0.175896 
623,2130,139.44,0.208371 
624,2131,139.66,0.204791 
625,2131,139.66,0.201210 
626,2128,139.00,0.201234 
627,2132,139.88,0.212077 
628,2125,138.35,0.197679 
629,2134,140.31,0.222945 
630,2173,148.81,0.190519 
631,2141,141.84,0.049909 
632,2134,140.31,0.165303 
633,2134,140.31,0.190564 
634,2133,140.09,0.190587 
635,2118,136.82,0.194216 
636,2128,139.00,0.248329 
637,2130,139.44,0.212301 
638,2129,139.22,0.205115 
639,2122,137.70,0.208746 
640,2130,139.44,0.234014 
641,2128,139.00,0.205195 
642,2130,139.44,0.212432 
643,2128,139.00,0.205246 
644,2129,139.22,0.212484 
645,2120,137.26,0.208904 
646,2129,139.22,0.241383 
647,2133,140.09,0.208960 
648,2133,140.09,0.194562 
649,2134,140.31,0.194585 
650,2128,139.00,0.191003 
651,2126,138.57,0.212662 
652,2123,137.91,0.219900 
653,2134,140.31,0.230745 
654,2129,139.22,0.191108 
655,2130,139.44,0.209161 
656,2143,142.27,0.205580 
657,2130,139.44,0.158728 
658,2129,139.22,0.205624 
659,2128,139.00,0.209255 
660,2129,139.22,0.212887 
661,2132,139.88,0.209307 
662,2125,138.35,0.198514 
663,2135,140.53,0.223780 
664,2128,139.00,0.187748 
665,2126,138.57,0.213013 
666,2128,139.00,0.220251 
667,2130,139.44,0.213066 
668,2154,144.67,0.205880 
669,2160,145.98,0.119362 
670,2128,139.00,0.097739 
671,2128,139.00,0.213139 
672,2128,139.00,0.213166 
673,2128,139.00,0.213192 
674,2128,139.00,0.213218 
675,2139,141.40,0.213244 
676,2128,139.00,0.173605 
677,2128,139.00,0.213291 
678,2126,138.57,0.213317 
679,2127,138.79,0.220555 
680,2132,139.88,0.216976 
681,2131,139.66,0.198973 
682,2133,140.09,0.202603 
683,2130,139.44,0.195416 
684,2130,139.44,0.206257 
685,2138,141.18,0.206282 
686,2133,140.09,0.177459 
687,2128,139.00,0.195510 
688,2133,140.09,0.213564 
689,2135,140.53,0.195560 
690,2131,139.66,0.188372 
691,2134,140.31,0.202818 
692,2141,141.84,0.192025 
693,2132,139.88,0.166806 
694,2130,139.44,0.199279 
695,2140,141.62,0.206515 
696,2131,139.66,0.170481 
697,2132,139.88,0.202954 
698,2129,139.22,0.199373 
699,2135,140.53,0.210215 
700,2135,140.53,0.188605 
701,2136,140.75,0.188627 
702,2134,140.31,0.185044 
703,2134,140.31,0.192278 
704,2131,139.66,0.192301 
705,2133,140.09,0.203142 
706,2128,139.00,0.195955 
707,2134,140.31,0.214008 
708,2140,141.62,0.192398 
709,2131,139.66,0.170785 
710,2131,139.66,0.203259 
711,2133,140.09,0.203284 
712,2136,140.75,0.196096 
713,2133,140.09,0.185302 
714,2137,140.97,0.196142 
715,2134,140.31,0.181741 
716,2134,140.31,0.192581 
717,2138,141.18,0.192604 
718,2134,140.31,0.178203 
719,2137,140.97,0.192648 
720,2147,143.15,0.181853 
721,2125,138.35,0.145815 
722,2134,140.31,0.225163 
723,2133,140.09,0.192737 
724,2132,139.88,0.196366 
725,2131,139.66,0.199995 
726,2128,139.00,0.203625 
727,2135,140.53,0.214468 
728,2135,140.53,0.189252 
729,2131,139.66,0.189275 
730,2139,141.40,0.203721 
731,2137,140.97,0.174898 
732,2131,139.66,0.182130 
733,2131,139.66,0.203787 
734,2135,140.53,0.203812 
735,2138,141.18,0.189413 
736,2131,139.66,0.178617 
737,2130,139.44,0.203880 
738,2133,140.09,0.207511 
739,2123,137.91,0.196718 
740,2130,139.44,0.232801 
741,2129,139.22,0.207588 
742,2134,140.31,0.211219 
743,2133,140.09,0.193215 
744,2135,140.53,0.196844 
745,2133,140.09,0.189656 
746,2122,137.70,0.196890 
747,2131,139.66,0.236579 
748,2134,140.31,0.204155 
749,2134,140.31,0.193362 
750,2142,142.06,0.193385 
751,2137,140.97,0.164560 
752,2130,139.44,0.182609 
753,2132,139.88,0.207872 
754,2129,139.22,0.200685 
755,2131,139.66,0.211527 
756,2138,141.18,0.204341 
757,2133,140.09,0.179123 
758,2131,139.66,0.197174 
759,2128,139.00,0.204410 
760,2137,140.97,0.215252 
761,2131,139.66,0.182825 
762,2130,139.44,0.204482 
763,2140,141.62,0.208113 
764,2129,139.22,0.172078 
765,2131,139.66,0.211764 
766,2139,141.40,0.204577 
767,2130,139.44,0.175754 
768,2128,139.00,0.208228 
769,2130,139.44,0.215466 
770,2128,139.00,0.208280 
771,2128,139.00,0.215517 
772,2128,139.00,0.215543 
773,2128,139.00,0.215569 
774,2128,139.00,0.215595 
775,2128,139.00,0.215621 
776,2129,139.22,0.215648 
777,2131,139.66,0.212068 
778,2128,139.00,0.204881 
779,2129,139.22,0.215724 
780,2129,139.22,0.212144 
781,2131,139.66,0.212170 
782,2118,136.82,0.204983 
783,2131,139.66,0.251886 
784,2128,139.00,0.205039 
785,2128,139.00,0.215882 
786,2134,140.31,0.215908 
787,2131,139.66,0.194298 
788,2132,139.88,0.205139 
789,2129,139.22,0.201558 
790,2134,140.31,0.212400 
791,2133,140.09,0.194396 
792,2131,139.66,0.198025 
793,2128,139.00,0.205260 
794,2132,139.88,0.216103 
795,2131,139.66,0.201705 
796,2135,140.53,0.205335 
797,2081,128.76,0.190936 
798,2133,140.09,0.385681 
799,2137,140.97,0.198221 
800,2131,139.66,0.183820 
801,2133,140.09,0.205478 
802,2137,140.97,0.198291 
803,2128,139.00,0.183890 
804,2138,141.18,0.216365 
805,2131,139.66,0.180332 
806,2130,139.44,0.205594 
807,2137,140.97,0.209225 
808,2137,140.97,0.184008 
809,2139,141.40,0.184030 
810,2133,140.09,0.176840 
811,2134,140.31,0.198496 
812,2140,141.62,0.194913 
813,2146,142.93,0.173301 
814,2137,140.97,0.151685 
815,2138,141.18,0.184155 
816,2137,140.97,0.180571 
817,2140,141.62,0.184198 
818,2137,140.97,0.173401 
819,2137,140.97,0.184239 
820,2140,141.62,0.184260 
821,2133,140.09,0.173464 
822,2134,140.31,0.198726 
823,2138,141.18,0.195143 
824,2139,141.40,0.180742 
825,2134,140.31,0.177158 
826,2134,140.31,0.195208 
827,2130,139.44,0.195231 
828,2135,140.53,0.209678 
829,2133,140.09,0.191673 
830,2128,139.00,0.198908 
831,2136,140.75,0.216961 
832,2129,139.22,0.188139 
833,2134,140.31,0.213403 
834,2132,139.88,0.195399 
835,2134,140.31,0.202634 
836,2129,139.22,0.195446 
837,2134,140.31,0.213499 
838,2131,139.66,0.195495 
839,2130,139.44,0.206336 
840,2135,140.53,0.209966 
841,2133,140.09,0.191962 
842,2130,139.44,0.199196 
843,2134,140.31,0.210037 
844,2124,138.13,0.195639 
845,2128,139.00,0.231722 
846,2130,139.44,0.217326 
847,2130,139.44,0.210140 
848,2125,138.35,0.210165 
849,2137,140.97,0.228220 
850,2138,141.18,0.184976 
851,2129,139.22,0.181392 
852,2139,141.40,0.213866 
853,2137,140.97,0.177832 
854,2118,136.82,0.185065 
855,2135,140.53,0.253600 
856,2137,140.97,0.192329 
857,2135,140.53,0.185140 
858,2135,140.53,0.192374 
859,2136,140.75,0.192396 
860,2131,139.66,0.188813 
861,2135,140.53,0.206864 
862,2133,140.09,0.192465 
863,2134,140.31,0.199700 
864,2148,143.36,0.196117 
865,2132,139.88,0.145657 
866,2131,139.66,0.203368 
867,2134,140.31,0.206998 
868,2131,139.66,0.196205 
869,2137,140.97,0.207046 
870,2137,140.97,0.185434 
871,2133,140.09,0.185456 
872,2133,140.09,0.199901 
873,2141,141.84,0.199925 
874,2132,139.88,0.171101 
875,2137,140.97,0.203574 
876,2140,141.62,0.185568 
877,2134,140.31,0.174772 
878,2138,141.18,0.196427 
879,2140,141.62,0.182026 
880,2138,141.18,0.174836 
881,2139,141.40,0.182067 
882,2134,140.31,0.178482 
883,2137,140.97,0.196533 
884,2128,139.00,0.185738 
885,2138,141.18,0.218213 
886,2139,141.40,0.182179 
887,2134,140.31,0.178595 
888,2138,141.18,0.196645 
889,2135,140.53,0.182244 
890,2135,140.53,0.193083 
891,2128,139.00,0.193105 
892,2142,142.06,0.218370 
893,2130,139.44,0.167912 
894,2128,139.00,0.211203 
895,2139,141.40,0.218440 
896,2137,140.97,0.178800 
897,2137,140.97,0.186033 
898,2135,140.53,0.186054 
899,2134,140.31,0.193288 
900,2138,141.18,0.196916 
901,2133,140.09,0.182515 
902,2139,141.40,0.200566 
903,2139,141.40,0.178954 
904,2134,140.31,0.178974 
905,2131,139.66,0.197025 
906,2134,140.31,0.207866 
907,2138,141.18,0.197072 
908,2136,140.75,0.182671 
909,2143,142.27,0.189904 
910,2139,141.40,0.164684 
911,2145,142.71,0.179127 
912,2141,141.84,0.157511 
913,2140,141.62,0.171953 
914,2150,143.80,0.175578 
915,2140,141.62,0.139538 
916,2141,141.84,0.175613 
917,2140,141.62,0.172027 
918,2144,142.49,0.175652 
919,2131,139.66,0.161248 
920,2135,140.53,0.208144 
921,2170,148.16,0.193744 
922,2139,141.40,0.067557 
923,2135,140.53,0.179347 
924,2136,140.75,0.193792 
925,2145,142.71,0.190208 
926,2136,140.75,0.157776 
927,2135,140.53,0.190248 
928,2139,141.40,0.193876 
929,2133,140.09,0.179474 
930,2137,140.97,0.201131 
931,2139,141.40,0.186730 
932,2132,139.88,0.179540 
933,2143,142.27,0.204802 
934,2130,139.44,0.165160 
935,2129,139.22,0.212056 
936,2134,140.31,0.215687 
937,2129,139.22,0.197683 
938,2128,139.00,0.215736 
939,2132,139.88,0.219368 
940,2133,140.09,0.204970 
941,2133,140.09,0.201388 
942,2133,140.09,0.201412 
943,2135,140.53,0.201435 
944,2133,140.09,0.194247 
945,2137,140.97,0.201481 
946,2135,140.53,0.187081 
947,2130,139.44,0.194314 
948,2147,143.15,0.212367 
949,2130,139.44,0.151090 
950,2154,144.67,0.212408 
951,2138,141.18,0.125890 
952,2131,139.66,0.183598 
953,2131,139.66,0.208861 
954,2133,140.09,0.208885 
955,2133,140.09,0.201698 
956,2150,143.80,0.201722 
957,2133,140.09,0.140444 
958,2134,140.31,0.201760 
959,2169,147.94,0.198178 
960,2133,140.09,0.071991 
961,2128,139.00,0.201812 
962,2138,141.18,0.219865 
963,2130,139.44,0.183831 
964,2131,139.66,0.212700 
965,2130,139.44,0.209119 
966,2138,141.18,0.212750 
967,2134,140.31,0.183927 
968,2130,139.44,0.198372 
969,2130,139.44,0.212819 
970,2137,140.97,0.212844 
971,2134,140.31,0.187627 
972,2133,140.09,0.198467 
973,2139,141.40,0.202096 
974,2137,140.97,0.180484 
975,2133,140.09,0.187716 
976,2137,140.97,0.202161 
977,2141,141.84,0.187761 
978,2139,141.40,0.173359 
979,2131,139.66,0.180590 
980,2139,141.40,0.209458 
981,2140,141.62,0.180635 
982,2138,141.18,0.177050 
983,2139,141.40,0.184281 
984,2143,142.27,0.180696 
985,2141,141.84,0.166293 
986,1751,56.82,0.173523 
987,2135,140.53,1.579875 
988,2146,142.93,0.195400 
989,2131,139.66,0.155757 
990,2137,140.97,0.209863 
991,2138,141.18,0.188252 
992,2139,141.40,0.184668 
993,2138,141.18,0.181083 
994,2139,141.40,0.184709 
995,2142,142.06,0.181124 
996,2135,140.53,0.170327 
997,2134,140.31,0.195587 
998,2147,143.15,0.199216 
999,2135,140.53,0.152361 
1000,2133,140.09,0.195649 
1001,2137,140.97,0.202884 
1002,2138,141.18,0.188483 
1003,2141,141.84,0.184899 
1004,2132,139.88,0.174102 
1005,2134,140.31,0.206575 
1006,2137,140.97,0.199387 
1007,2134,140.31,0.188592 
1008,2131,139.66,0.199432 
1009,2134,140.31,0.210273 
1010,2131,139.66,0.199479 
1011,2130,139.44,0.210320 
1012,2129,139.22,0.213951 
1013,2135,140.53,0.217582 
1014,2131,139.66,0.195972 
1015,2138,141.18,0.210418 
1016,2130,139.44,0.185201 
1017,2132,139.88,0.214070 
1018,2135,140.53,0.206883 
1019,2128,139.00,0.196089 
1020,2135,140.53,0.221353 
1021,2139,141.40,0.196138 
1022,2134,140.31,0.181736 
1023,2144,142.49,0.199787 
1024,2133,140.09,0.163750 
1025,2134,140.31,0.203434 
1026,2163,146.63,0.199851 
1027,2132,139.88,0.095301 
1028,2112,135.52,0.207094 
1029,2137,140.97,0.279238 
1030,2130,139.44,0.189123 
1031,2141,141.84,0.214386 
1032,2133,140.09,0.174745 
1033,2128,139.00,0.203613 
1034,2128,139.00,0.221666 
1035,2128,139.00,0.221692 
1036,2133,140.09,0.221718 
1037,2131,139.66,0.203715 
1038,2162,146.42,0.210950 
1039,2134,140.31,0.099189 
1040,2129,139.22,0.200165 
1041,2133,140.09,0.218218 
1042,2131,139.66,0.203820 
1043,2133,140.09,0.211056 
1044,2134,140.31,0.203868 
1045,2136,140.75,0.200286 
1046,2137,140.97,0.193097 
1047,2138,141.18,0.189513 
1048,2166,147.29,0.185928 
1049,2138,141.18,0.084982 
1050,2134,140.31,0.185956 
1051,2134,140.31,0.200401 
1052,2140,141.62,0.200424 
1053,2138,141.18,0.178811 
1054,2127,138.79,0.186043 
1055,2143,142.27,0.225730 
1056,2143,142.27,0.168061 
1057,2129,139.22,0.168079 
1058,2142,142.06,0.218581 
1059,2141,141.84,0.171729 
1060,2142,142.06,0.175354 
1061,2142,142.06,0.171767 
1062,2142,142.06,0.171786 
1063,2141,141.84,0.171805 
1064,2150,143.80,0.175430 
1065,2138,141.18,0.142995 
1066,2139,141.40,0.186282 
1067,2138,141.18,0.182697 
1068,2142,142.06,0.186323 
1069,2141,141.84,0.171920 
1070,2138,141.18,0.175545 
1071,2140,141.62,0.186383 
1072,2135,140.53,0.179192 
1073,2132,139.88,0.197242 
1074,2127,138.79,0.208082 
1075,2135,140.53,0.226136 
1076,2130,139.44,0.197315 
1077,2133,140.09,0.215367 
1078,2123,137.91,0.204575 
1079,2137,140.97,0.240658 
1080,2153,144.45,0.190203 
1081,2134,140.31,0.132529 
1082,2131,139.66,0.201055 
1083,2139,141.40,0.211896 
1084,2135,140.53,0.183073 
1085,2131,139.66,0.197518 
1086,2133,140.09,0.211964 
1087,2128,139.00,0.204777 
1088,2130,139.44,0.222830 
1089,2135,140.53,0.215644 
1090,2134,140.31,0.197640 
1091,1936,97.15,0.201268 
1092,2139,141.40,0.915275 
1093,2135,140.53,0.183387 
1094,2138,141.18,0.197831 
1095,2138,141.18,0.187036 
1096,2135,140.53,0.187057 
1097,2138,141.18,0.197896 
1098,2142,142.06,0.187100 
1099,2143,142.27,0.172697 
1100,2141,141.84,0.169110 
1101,2141,141.84,0.176341 
1102,2068,125.92,0.176360 
1103,2143,142.27,0.439616 
1104,2140,141.62,0.169225 
1105,2143,142.27,0.180061 
1106,2142,142.06,0.169263 
1107,2143,142.27,0.172887 
1108,2142,142.06,0.169300 
1109,2140,141.62,0.172925 
1110,2144,142.49,0.180156 
1111,2144,142.49,0.165751 
1112,2142,142.06,0.165769 
1113,2140,141.62,0.172999 
1114,2140,141.62,0.180230 
1115,2141,141.84,0.180250 
1116,2138,141.18,0.176664 
1117,2137,140.97,0.187501 
1118,2142,142.06,0.191128 
1119,2141,141.84,0.173120 
1120,2140,141.62,0.176745 
1121,2139,141.40,0.180370 
1122,2141,141.84,0.183996 
1123,2135,140.53,0.176804 
1124,2143,142.27,0.198460 
1125,2142,142.06,0.169634 
1126,2144,142.49,0.173259 
1127,2146,142.93,0.166066 
1128,2137,140.97,0.158872 
1129,2138,141.18,0.191342 
1130,2141,141.84,0.187758 
1131,2109,134.86,0.176961 
1132,2141,141.84,0.292372 
1133,2142,142.06,0.177016 
1134,2142,142.06,0.173430 
1135,2140,141.62,0.173449 
1136,2141,141.84,0.180679 
1137,2133,140.09,0.177093 
1138,2142,142.06,0.205961 
1139,2139,141.40,0.173530 
1140,2144,142.49,0.184367 
1141,2143,142.27,0.166358 
1142,2148,143.36,0.169982 
1143,2129,139.22,0.151970 
1144,2199,154.48,0.220499 
1145,2140,141.62,-0.031893 
1146,2163,146.63,0.180849 
1147,2141,141.84,0.097931 
1148,2137,140.97,0.177271 
1149,2149,143.58,0.191714 
1150,2144,142.49,0.148464 
1151,2142,142.06,0.166509 
1152,2142,142.06,0.173739 
1153,2142,142.06,0.173758 
1154,2142,142.06,0.173776 
1155,2135,140.53,0.173795 
1156,2138,141.18,0.199056 
1157,2144,142.49,0.188261 
1158,2139,141.40,0.166646 
1159,2147,143.15,0.184694 
1160,2141,141.84,0.155866 
1161,2139,141.40,0.177518 
1162,2143,142.27,0.184750 
1163,2142,142.06,0.170346 
1164,2139,141.40,0.173971 
1165,2138,141.18,0.184808 
1166,2033,118.29,0.188434 
1167,2139,141.40,0.567083 
1168,2145,142.71,0.184924 
1169,2142,142.06,0.163309 
1170,2142,142.06,0.174144 
1171,2139,141.40,0.174163 
1172,2133,140.09,0.185000 
1173,2144,142.49,0.206656 
1174,2140,141.62,0.167014 
1175,2138,141.18,0.181456 
1176,2141,141.84,0.188687 
1177,2139,141.40,0.177891 
1178,2141,141.84,0.185122 
1179,2139,141.40,0.177931 
1180,2143,142.27,0.185162 
1181,2141,141.84,0.170758 
1182,2143,142.27,0.177989 
1183,2146,142.93,0.170796 
1184,2141,141.84,0.159997 
1185,2066,125.49,0.178043 
1186,2143,142.27,0.448511 
1187,2147,143.15,0.170909 
1188,2143,142.27,0.156504 
1189,2151,144.02,0.170944 
1190,2147,143.15,0.142114 
1191,2143,142.27,0.156553 
1192,2143,142.27,0.170993 
1193,2144,142.49,0.171011 
1194,2138,141.18,0.167423 
1195,2147,143.15,0.189077 
1196,2143,142.27,0.156644 
1197,2146,142.93,0.171085 
1198,2140,141.62,0.160285 
1199,2142,142.06,0.181938 
1200,2142,142.06,0.174746 
1201,2141,141.84,0.174765 
1202,2139,141.40,0.178389 
1203,2144,142.49,0.185621 
1204,2145,142.71,0.167611 
1205,2145,142.71,0.164023 
1206,2143,142.27,0.164040 
1207,2144,142.49,0.171270 
1208,2144,142.49,0.167682 
1209,2144,142.49,0.167700 
1210,2143,142.27,0.167718 
1211,2144,142.49,0.171342 
1212,2138,141.18,0.167754 
1213,2142,142.06,0.189408 
1214,2143,142.27,0.175005 
1215,2141,141.84,0.171418 
1216,2142,142.06,0.178648 
1217,2143,142.27,0.175062 
1218,2148,143.36,0.171475 
1219,2142,142.06,0.153463 
1220,2142,142.06,0.175115 
1221,2144,142.49,0.175134 
1222,2139,141.40,0.167940 
1223,2140,141.62,0.185988 
1224,2148,143.36,0.182403 
1225,2142,142.06,0.153575 
1226,2139,141.40,0.175227 
1227,2142,142.06,0.186063 
1228,2146,142.93,0.175266 
1229,2141,141.84,0.160861 
1230,2143,142.27,0.178908 
1231,2157,145.33,0.171715 
1232,2138,141.18,0.121250 
1233,2139,141.40,0.189774 
1234,2143,142.27,0.186190 
1235,2143,142.27,0.171786 
1236,2143,142.27,0.171804 
1237,2144,142.49,0.171823 
1238,2143,142.27,0.168235 
1239,2141,141.84,0.171859 
1240,2144,142.49,0.179089 
1241,2128,139.00,0.168291 
1242,2133,140.09,0.226004 
1243,2154,144.67,0.208001 
1244,2144,142.49,0.132299 
1245,2141,141.84,0.168371 
1246,2145,142.71,0.179207 
1247,2153,144.45,0.164802 
1248,2145,142.71,0.135972 
1249,2144,142.49,0.164833 
1250,2139,141.40,0.168456 
1251,2134,140.31,0.186504 
1252,2141,141.84,0.204554 
1253,2143,142.27,0.179335 
1254,2147,143.15,0.172143 
1255,2141,141.84,0.157737 
1256,2141,141.84,0.179390 
1257,2141,141.84,0.179409 
1258,2142,142.06,0.179428 
1259,2141,141.84,0.175842 
1260,2144,142.49,0.179467 
1261,2151,144.02,0.168668 
1262,2134,140.31,0.143444 
1263,2140,141.62,0.204760 
1264,2143,142.27,0.183147 
1265,2146,142.93,0.172349 
1266,2144,142.49,0.161550 
1267,2145,142.71,0.168778 
1268,2150,143.80,0.165190 
1269,2144,142.49,0.147178 
1270,2140,141.62,0.168828 
1271,2129,139.22,0.183270 
1272,2145,142.71,0.222956 
1273,2140,141.62,0.165286 
1274,2160,145.98,0.183333 
1275,2130,139.44,0.111233 
1276,2142,142.06,0.219422 
1277,2145,142.71,0.176176 
1278,2140,141.62,0.165376 
1279,2143,142.27,0.183424 
1280,2142,142.06,0.172626 
1281,2149,143.58,0.176250 
1282,2141,141.84,0.151027 
1283,2142,142.06,0.179890 
1284,2147,143.15,0.176304 
1285,2142,142.06,0.158293 
1286,2141,141.84,0.176339 
1287,2142,142.06,0.179964 
1288,2139,141.40,0.176377 
1289,2142,142.06,0.187214 
1290,2138,141.18,0.176417 
1291,2138,141.18,0.190859 
1292,2135,140.53,0.190880 
1293,2137,140.97,0.201719 
1294,2144,142.49,0.194530 
1295,2133,140.09,0.169309 
1296,2135,140.53,0.208993 
1297,2137,140.97,0.201805 
1298,2135,140.53,0.194615 
1299,2135,140.53,0.201849 
1300,2138,141.18,0.201871 
1301,2140,141.62,0.191076 
1302,2139,141.40,0.183885 
1303,2139,141.40,0.187511 
1304,2141,141.84,0.187531 
1305,2139,141.40,0.180340 
1306,2138,141.18,0.187571 
1307,2140,141.62,0.191197 
1308,2142,142.06,0.184007 
1309,2070,126.36,0.176814 
1310,2143,142.27,0.436464 
1311,2142,142.06,0.173284 
1312,2138,141.18,0.176908 
1313,2144,142.49,0.191351 
1314,2142,142.06,0.169736 
1315,2136,140.75,0.176966 
1316,2143,142.27,0.198620 
1317,2143,142.27,0.173401 
1318,2139,141.40,0.173419 
1319,2141,141.84,0.187861 
1320,2138,141.18,0.180670 
1321,2147,143.15,0.191507 
1322,2143,142.27,0.159074 
1323,2143,142.27,0.173514 
1324,2143,142.27,0.173533 
1325,2141,141.84,0.173551 
1326,2144,142.49,0.180782 
1327,2144,142.49,0.169983 
1328,2141,141.84,0.170001 
1329,2140,141.62,0.180837 
1330,2140,141.62,0.184462 
1331,2159,145.76,0.184482 
1332,2139,141.40,0.115988 
1333,2142,142.06,0.188118 
1334,2145,142.71,0.177321 
1335,2144,142.49,0.166521 
1336,2145,142.71,0.170145 
1337,2142,142.06,0.166557 
1338,2142,142.06,0.177392 
1339,2142,142.06,0.177411 
1340,2137,140.97,0.177430 
1341,2139,141.40,0.195478 
1342,2141,141.84,0.188288 
1343,2147,143.15,0.181097 
1344,2131,139.66,0.159480 
1345,2139,141.40,0.217192 
1346,2146,142.93,0.188369 
1347,2144,142.49,0.163148 
1348,2130,139.44,0.170376 
1349,2138,141.18,0.220878 
1350,2142,142.06,0.192055 
1351,2143,142.27,0.177652 
1352,2139,141.40,0.174065 
1353,2128,139.00,0.188507 
1354,2145,142.71,0.228194 
1355,2144,142.49,0.166918 
1356,2147,143.15,0.170541 
1357,2139,141.40,0.159741 
1358,2143,142.27,0.188606 
1359,2141,141.84,0.174202 
1360,2146,142.93,0.181432 
1361,2143,142.27,0.163422 
1362,2145,142.71,0.174257 
1363,2142,142.06,0.167063 
1364,2138,141.18,0.177898 
1365,2139,141.40,0.192341 
1366,2147,143.15,0.188756 
1367,2142,142.06,0.159929 
1368,2142,142.06,0.177975 
1369,2142,142.06,0.177994 
1370,2140,141.62,0.178013 
1371,2141,141.84,0.185244 
1372,2143,142.27,0.181658 
1373,2134,140.31,0.174465 
1374,2138,141.18,0.206937 
1375,2139,141.40,0.192536 
1376,2135,140.53,0.188951 
1377,2134,140.31,0.203396 
1378,2134,140.31,0.207024 
1379,2134,140.31,0.207047 
1380,2129,139.22,0.207070 
1381,2134,140.31,0.225123 
1382,2133,140.09,0.207119 
1383,2134,140.31,0.210748 
1384,2139,141.40,0.207166 
1385,2142,142.06,0.189159 
1386,2134,140.31,0.178361 
1387,2135,140.53,0.207228 
1388,2142,142.06,0.203645 
1389,2135,140.53,0.178426 
1390,2135,140.53,0.203686 
1391,2133,140.09,0.203709 
1392,2135,140.53,0.210943 
1393,2142,142.06,0.203755 
1394,2135,140.53,0.178536 
1395,2141,141.84,0.203796 
1396,2130,139.44,0.182183 
1397,2134,140.31,0.221868 
1398,2137,140.97,0.207469 
1399,2132,139.88,0.196674 
1400,2132,139.88,0.214726 
1401,2137,140.97,0.214750 
1402,2147,143.15,0.196744 
1403,2149,143.58,0.160706 
1404,2133,140.09,0.153510 
1405,2138,141.18,0.211221 
1406,2114,135.95,0.193215 
1407,2137,140.97,0.279779 
1408,2141,141.84,0.196875 
1409,2137,140.97,0.182473 
1410,2142,142.06,0.196916 
1411,2146,142.93,0.178908 
1412,2139,141.40,0.164503 
1413,2139,141.40,0.189761 
1414,2139,141.40,0.189782 
1415,2143,142.27,0.189802 
1416,2143,142.27,0.175399 
1417,2142,142.06,0.175417 
1418,2140,141.62,0.179041 
1419,2160,145.98,0.186272 
1420,2142,142.06,0.114173 
1421,2142,142.06,0.179090 
1422,2137,140.97,0.179109 
1423,2142,142.06,0.197157 
1424,2138,141.18,0.179149 
1425,2141,141.84,0.193592 
1426,2125,138.35,0.182795 
1427,2135,140.53,0.240510 
1428,2131,139.66,0.204478 
1429,2137,140.97,0.218924 
1430,2134,140.31,0.197313 
1431,2135,140.53,0.208153 
1432,2144,142.49,0.204570 
1433,2138,141.18,0.172138 
1434,2134,140.31,0.193792 
1435,2130,139.44,0.208237 
1436,2125,138.35,0.222684 
1437,2131,139.66,0.240739 
1438,2133,140.09,0.219131 
1439,2130,139.44,0.211943 
1440,2135,140.53,0.222785 
1441,2137,140.97,0.204780 
1442,2141,141.84,0.197591 
1443,2138,141.18,0.183188 
1444,2141,141.84,0.194025 
1445,2138,141.18,0.183229 
1446,2128,139.00,0.194066 
1447,2134,140.31,0.230147 
1448,2133,140.09,0.208537 
1449,2130,139.44,0.212166 
1450,2142,142.06,0.223007 
1451,2136,140.75,0.179761 
1452,2137,140.97,0.201416 
1453,2138,141.18,0.197832 
1454,2133,140.09,0.194247 
1455,2139,141.40,0.212298 
1456,2142,142.06,0.190686 
1457,2133,140.09,0.179888 
1458,2127,138.79,0.212361 
1459,2139,141.40,0.234020 
1460,2141,141.84,0.190775 
1461,2133,140.09,0.183584 
1462,2134,140.31,0.212451 
1463,2137,140.97,0.208869 
1464,2133,140.09,0.198074 
1465,2135,140.53,0.212519 
1466,2171,148.38,0.205331 
1467,2138,141.18,0.075538 
1468,2138,141.18,0.194539 
1469,2143,142.27,0.194560 
1470,2138,141.18,0.176551 
1471,2141,141.84,0.194599 
1472,2149,143.58,0.183803 
1473,2134,140.31,0.154974 
1474,2141,141.84,0.209079 
1475,2141,141.84,0.183860 
1476,2130,139.44,0.183880 
1477,2138,141.18,0.223565 
1478,2138,141.18,0.194742 
1479,2133,140.09,0.194763 
1480,2134,140.31,0.212814 
1481,2138,141.18,0.209232 
1482,2138,141.18,0.194831 
1483,2142,142.06,0.194852 
1484,2138,141.18,0.180449 
1485,2140,141.62,0.194891 
1486,2151,144.02,0.187701 
1487,2144,142.49,0.148055 
1488,2141,141.84,0.173311 
1489,2142,142.06,0.184147 
1490,2143,142.27,0.180560 
1491,2141,141.84,0.176973 
1492,2144,142.49,0.184203 
1493,2152,144.24,0.173405 
1494,2142,142.06,0.144575 
1495,2144,142.49,0.180648 
1496,2134,140.31,0.173455 
1497,2145,142.71,0.209533 
1498,2150,143.80,0.169890 
1499,2144,142.49,0.151877 
1500,2135,140.53,0.173528 
1501,2144,142.49,0.206000 
1502,2137,140.97,0.173568 
1503,2144,142.49,0.198828 
1504,2144,142.49,0.173608 
1505,2142,142.06,0.173626 
1506,2134,140.31,0.180856 
1507,2128,139.00,0.209722 
1508,2140,141.62,0.231381 
1509,2142,142.06,0.188136 
1510,2130,139.44,0.180944 
1511,2143,142.27,0.224234 
1512,2139,141.40,0.177382 
1513,2145,142.71,0.191824 
1514,2141,141.84,0.170208 
1515,2143,142.27,0.184650 
1516,2141,141.84,0.177457 
1517,2143,142.27,0.184688 
1518,2144,142.49,0.177495 
1519,2153,144.45,0.173907 
1520,2143,142.27,0.141471 
1521,2142,142.06,0.177544 
1522,2147,143.15,0.181169 
1523,2144,142.49,0.163158 
1524,2137,140.97,0.173992 
1525,2141,141.84,0.199252 
1526,2145,142.71,0.184849 
1527,2150,143.80,0.170445 
1528,2139,141.40,0.152432 
1529,2144,142.49,0.192113 
1530,2145,142.71,0.174103 
1531,2144,142.49,0.170515 
1532,2141,141.84,0.174138 
1533,2141,141.84,0.184974 
1534,2139,141.40,0.184994 
1535,2145,142.71,0.192225 
1536,2142,142.06,0.170610 
1537,2143,142.27,0.181445 
1538,2139,141.40,0.177858 
1539,2142,142.06,0.192300 
1540,2142,142.06,0.181503 
1541,2139,141.40,0.181522 
1542,2138,141.18,0.192358 
1543,2141,141.84,0.195985 
1544,2134,140.31,0.185188 
1545,2134,140.31,0.210449 
1546,2138,141.18,0.210472 
1547,2135,140.53,0.196071 
1548,2134,140.31,0.206910 
1549,2136,140.75,0.210539 
1550,2138,141.18,0.203350 
1551,2137,140.97,0.196160 
1552,2139,141.40,0.199787 
1553,2139,141.40,0.192596 
1554,2141,141.84,0.192617 
1555,2142,142.06,0.185425 
1556,2141,141.84,0.181839 
1557,2138,141.18,0.185464 
1558,2141,141.84,0.196301 
1559,2133,140.09,0.185504 
1560,2142,142.06,0.214371 
1561,2137,140.97,0.181941 
1562,2143,142.27,0.199990 
1563,2138,141.18,0.178375 
1564,2134,140.31,0.196423 
1565,2139,141.40,0.210869 
1566,2146,142.93,0.192862 
1567,2138,141.18,0.167640 
1568,2133,140.09,0.196505 
1569,2137,140.97,0.214556 
1570,2143,142.27,0.200155 
1571,2139,141.40,0.178541 
1572,2134,140.31,0.192983 
1573,2142,142.06,0.211034 
1574,2135,140.53,0.182209 
1575,2133,140.09,0.207470 
1576,2138,141.18,0.214704 
1577,2145,142.71,0.196698 
1578,2142,142.06,0.171477 
1579,2142,142.06,0.182312 
1580,2144,142.49,0.182331 
1581,2142,142.06,0.175138 
1582,2142,142.06,0.182368 
1583,2144,142.49,0.182387 
1584,2146,142.93,0.175194 
1585,2148,143.36,0.168000 
1586,2138,141.18,0.160804 
1587,2141,141.84,0.196880 
1588,2143,142.27,0.186083 
1589,2140,141.62,0.178890 
1590,2145,142.71,0.189727 
1591,2140,141.62,0.171717 
1592,2142,142.06,0.189764 
1593,2138,141.18,0.182572 
1594,2137,140.97,0.197015 
1595,2142,142.06,0.200642 
1596,2135,140.53,0.182633 
1597,2141,141.84,0.207894 
1598,2138,141.18,0.186281 
1599,2149,143.58,0.197118 
1600,2142,142.06,0.157473 
1601,2139,141.40,0.182730 
1602,2197,154.05,0.193567 
1603,2142,142.06,-0.015559 
1604,2135,140.53,0.182760 
1605,2143,142.27,0.208021 
1606,2137,140.97,0.179195 
1607,2141,141.84,0.200850 
1608,2138,141.18,0.186447 
1609,2142,142.06,0.197285 
1610,2141,141.84,0.182882 
1611,2142,142.06,0.186507 
1612,2139,141.40,0.182920 
1613,2141,141.84,0.193757 
1614,2142,142.06,0.186565 
1615,2142,142.06,0.182979 
1616,2139,141.40,0.182998 
1617,2143,142.27,0.193835 
1618,2143,142.27,0.179431 
1619,2143,142.27,0.179449 
1620,2143,142.27,0.179468 
1621,2142,142.06,0.179486 
1622,2146,142.93,0.183111 
1623,2146,142.93,0.168706 
1624,2142,142.06,0.168722 
1625,2145,142.71,0.183163 
1626,2146,142.93,0.172364 
1627,2148,143.36,0.168776 
1628,2150,143.80,0.161580 
1629,2150,143.80,0.154384 
1630,2144,142.49,0.154399 
1631,2145,142.71,0.176049 
1632,2134,140.31,0.172461 
1633,2240,163.42,0.212145 
1634,2141,141.84,-0.170066 
1635,2157,145.33,0.186894 
1636,2148,143.36,0.129217 
1637,2139,141.40,0.161682 
1638,2141,141.84,0.194152 
1639,2145,142.71,0.186961 
1640,2139,141.40,0.172556 
1641,2143,142.27,0.194209 
1642,2139,141.40,0.179806 
1643,2128,139.00,0.194248 
1644,2137,140.97,0.233934 
1645,2139,141.40,0.201507 
1646,2138,141.18,0.194316 
1647,2139,141.40,0.197942 
1648,2138,141.18,0.194358 
1649,2142,142.06,0.197984 
1650,2144,142.49,0.183581 
1651,2146,142.93,0.176388 
1652,2144,142.49,0.169194 
1653,2142,142.06,0.176423 
1654,2141,141.84,0.183652 
1655,2143,142.27,0.187277 
1656,2141,141.84,0.180085 
1657,2143,142.27,0.187315 
1658,2140,141.62,0.180123 
1659,2143,142.27,0.190959 
1660,2140,141.62,0.180161 
1661,2143,142.27,0.190997 
1662,2139,141.40,0.180199 
1663,2142,142.06,0.194642 
1664,2144,142.49,0.183844 
1665,2145,142.71,0.176651 
1666,2146,142.93,0.173063 
1667,2142,142.06,0.169474 
1668,2144,142.49,0.183915 
1669,2144,142.49,0.176722 
1670,2140,141.62,0.176740 
1671,2145,142.71,0.191182 
1672,2143,142.27,0.173171 
1673,2144,142.49,0.180401 
1674,2154,144.67,0.176813 
1675,2145,142.71,0.140771 
1676,2138,141.18,0.173238 
1677,2143,142.27,0.198497 
1678,2145,142.71,0.180488 
1679,2141,141.84,0.173294 
1680,2141,141.84,0.187736 
1681,2141,141.84,0.187755 
1682,2140,141.62,0.187775 
1683,2149,143.58,0.191400 
1684,2145,142.71,0.158966 
1685,2142,142.06,0.173405 
1686,2151,144.02,0.184240 
1687,2141,141.84,0.151805 
1688,2147,143.15,0.187880 
1689,2150,143.80,0.166263 
1690,2150,143.80,0.155461 
1691,2141,141.84,0.155476 
1692,2147,143.15,0.187945 
1693,2139,141.40,0.166328 
1694,2146,142.93,0.195193 
1695,2144,142.49,0.169971 
1696,2147,143.15,0.177200 
1697,2144,142.49,0.166400 
1698,2146,142.93,0.177234 
1699,2152,144.24,0.170040 
1700,2155,144.89,0.148421 
1701,2145,142.71,0.137617 
1702,2150,143.80,0.173688 
1703,2144,142.49,0.155676 
1704,2146,142.93,0.177327 
1705,2125,138.35,0.170133 
1706,2145,142.71,0.245875 
1707,2146,142.93,0.173783 
1708,2150,143.80,0.170194 
1709,2152,144.24,0.155787 
1710,2148,143.36,0.148590 
1711,2144,142.49,0.163028 
1712,2142,142.06,0.177467 
1713,2145,142.71,0.184697 
1714,2149,143.58,0.173898 
1715,2138,141.18,0.159492 
1716,2143,142.27,0.199173 
1717,2143,142.27,0.181164 
1718,2139,141.40,0.181182 
1719,2147,143.15,0.195624 
1720,2144,142.49,0.166797 
1721,2140,141.62,0.177631 
1722,2145,142.71,0.192073 
1723,2134,140.31,0.174063 
1724,2144,142.49,0.213746 
1725,2142,142.06,0.177709 
1726,2143,142.27,0.184939 
1727,2145,142.71,0.181352 
1728,2140,141.62,0.174158 
1729,2141,141.84,0.192206 
1730,2147,143.15,0.188620 
1731,2146,142.93,0.167003 
1732,2140,141.62,0.170626 
1733,2149,143.58,0.192278 
1734,2149,143.58,0.159844 
1735,2145,142.71,0.159860 
1736,2144,142.49,0.174299 
1737,2157,145.33,0.177922 
1738,2141,141.84,0.131062 
1739,2145,142.71,0.188769 
1740,2160,145.98,0.174364 
1741,2147,143.15,0.120292 
1742,2147,143.15,0.167180 
1743,2147,143.15,0.167196 
1744,2133,140.09,0.167212 
1745,2145,142.71,0.217712 
1746,2149,143.58,0.174464 
1747,2144,142.49,0.160057 
1748,2146,142.93,0.178102 
1749,2144,142.49,0.170908 
1750,2147,143.15,0.178137 
1751,2145,142.71,0.167337 
1752,2147,143.15,0.174565 
1753,2147,143.15,0.167371 
1754,2155,144.89,0.167387 
1755,2147,143.15,0.138556 
1756,2142,142.06,0.167416 
1757,2154,144.67,0.185462 
1758,2144,142.49,0.142209 
1759,2143,142.27,0.178281 
1760,2145,142.71,0.181905 
1761,2151,144.02,0.174711 
1762,2143,142.27,0.153093 
1763,2137,140.97,0.181955 
1764,2140,141.62,0.203609 
1765,2146,142.93,0.192813 
1766,2145,142.71,0.171197 
1767,2147,143.15,0.174820 
1768,2146,142.93,0.167625 
1769,2141,141.84,0.171247 
1770,2145,142.71,0.189294 
1771,2147,143.15,0.174889 
1772,2143,142.27,0.167695 
1773,2147,143.15,0.182135 
1774,2145,142.71,0.167730 
1775,2143,142.27,0.174958 
1776,2145,142.71,0.182187 
1777,2146,142.93,0.174994 
1778,2146,142.93,0.171405 
1779,2143,142.27,0.171422 
1780,2153,144.45,0.182257 
1781,2143,142.27,0.146215 
1782,2146,142.93,0.182288 
1783,2144,142.49,0.171489 
1784,2144,142.49,0.178717 
1785,2145,142.71,0.178735 
1786,2145,142.71,0.175147 
1787,2144,142.49,0.175164 
1788,2143,142.27,0.178788 
1789,2145,142.71,0.182412 
1790,2145,142.71,0.175218 
1791,2148,143.36,0.175235 
1792,2144,142.49,0.164435 
1793,2141,141.84,0.178874 
1794,2142,142.06,0.189710 
1795,2141,141.84,0.186124 
1796,2142,142.06,0.189749 
1797,2146,142.93,0.186162 
1798,2175,149.25,0.171757 
1799,2142,142.06,0.067200 
1800,2141,141.84,0.186199 
1801,2171,148.38,0.189824 
1802,2142,142.06,0.081664 
1803,2140,141.62,0.186242 
1804,2140,141.62,0.193473 
1805,2142,142.06,0.193493 
1806,2144,142.49,0.186300 
1807,2142,142.06,0.179107 
1808,2146,142.93,0.186337 
1809,2148,143.36,0.171932 
1810,2141,141.84,0.164737 
1811,2141,141.84,0.189995 
1812,2146,142.93,0.190014 
1813,2141,141.84,0.172004 
1814,2142,142.06,0.190050 
1815,2139,141.40,0.186464 
1816,2146,142.93,0.197301 
1817,2143,142.27,0.172079 
1818,2143,142.27,0.182914 
1819,2142,142.06,0.182932 
1820,2142,142.06,0.186557 
1821,2145,142.71,0.186576 
1822,2145,142.71,0.175776 
1823,2140,141.62,0.175794 
1824,2133,140.09,0.193841 
1825,2138,141.18,0.219103 
1826,2139,141.40,0.201096 
1827,2138,141.18,0.197512 
1828,2143,142.27,0.201138 
1829,2136,140.75,0.183129 
1830,2147,143.15,0.208389 
1831,2134,140.31,0.168746 
1832,2140,141.62,0.215640 
1833,2139,141.40,0.194027 
1834,2138,141.18,0.197653 
1835,2139,141.40,0.201279 
1836,2138,141.18,0.197694 
1837,2142,142.06,0.201320 
1838,2128,139.00,0.186917 
1839,2139,141.40,0.237420 
1840,2141,141.84,0.197781 
1841,2137,140.97,0.190589 
1842,2142,142.06,0.205032 
1843,2143,142.27,0.187024 
1844,2135,140.53,0.183437 
1845,2142,142.06,0.212303 
1846,2139,141.40,0.187084 
1847,2140,141.62,0.197921 
1848,2143,142.27,0.194335 
1849,2138,141.18,0.183537 
1850,2141,141.84,0.201585 
1851,2142,142.06,0.190788 
1852,2144,142.49,0.187202 
1853,2143,142.27,0.180009 
1854,2148,143.36,0.183632 
1855,2141,141.84,0.165621 
1856,2144,142.49,0.190879 
1857,2137,140.97,0.180080 
1858,2138,141.18,0.205340 
1859,2138,141.18,0.201755 
1860,2141,141.84,0.201776 
1861,2142,142.06,0.190979 
1862,2130,139.44,0.187393 
1863,2147,143.15,0.230683 
1864,2146,142.93,0.169407 
1865,2142,142.06,0.173029 
1866,2144,142.49,0.187470 
1867,2138,141.18,0.180277 
1868,2148,143.36,0.201930 
1869,2139,141.40,0.165892 
1870,2139,141.40,0.198361 
1871,2150,143.80,0.198382 
1872,2144,142.49,0.158736 
1873,2146,142.93,0.180387 
1874,2140,141.62,0.173193 
1875,2144,142.49,0.194846 
1876,2144,142.49,0.180442 
1877,2134,140.31,0.180459 
1878,2147,143.15,0.216537 
1879,2146,142.93,0.169683 
1880,2147,143.15,0.173305 
1881,2143,142.27,0.169716 
1882,2144,142.49,0.184156 
1883,2144,142.49,0.180568 
1884,2142,142.06,0.180586 
1885,2143,142.27,0.187816 
1886,2144,142.49,0.184229 
1887,2144,142.49,0.180641 
1888,2140,141.62,0.180659 
1889,2141,141.84,0.195101 
1890,2137,140.97,0.191515 
1891,2139,141.40,0.205958 
1892,2137,140.97,0.198768 
1893,2143,142.27,0.206000 
1894,2142,142.06,0.184386 
1895,2140,141.62,0.188010 
1896,2143,142.27,0.195241 
1897,2142,142.06,0.184443 
1898,2143,142.27,0.188067 
1899,2175,149.25,0.184480 
1900,2141,141.84,0.069107 
1901,2141,141.84,0.191712 
1902,2146,142.93,0.191732 
1903,2139,141.40,0.173721 
1904,2143,142.27,0.198980 
1905,2132,139.88,0.184576 
1906,2140,141.62,0.224260 
1907,2143,142.27,0.195437 
1908,2141,141.84,0.184639 
1909,2142,142.06,0.191869 
1910,2142,142.06,0.188283 
1911,2139,141.40,0.188301 
1912,2142,142.06,0.199138 
1913,2143,142.27,0.188341 
1914,2143,142.27,0.184754 
1915,2144,142.49,0.184772 
1916,2138,141.18,0.181184 
1917,2143,142.27,0.202838 
1918,2146,142.93,0.184829 
1919,2141,141.84,0.174030 
1920,2140,141.62,0.192076 
1921,2146,142.93,0.195702 
1922,2145,142.71,0.174086 
1923,2140,141.62,0.177709 
1924,2142,142.06,0.195756 
1925,2141,141.84,0.188564 
1926,2142,142.06,0.192189 
1927,2141,141.84,0.188602 
1928,2160,145.98,0.192227 
1929,2140,141.62,0.123733 
1930,2149,143.58,0.195862 
1931,2145,142.71,0.163428 
1932,2146,142.93,0.177867 
1933,2140,141.62,0.174279 
1934,2144,142.49,0.195931 
1935,2142,142.06,0.181527 
1936,2151,144.02,0.188757 
1937,2143,142.27,0.156322 
1938,2143,142.27,0.185184 
1939,2137,140.97,0.185203 
1940,2129,139.22,0.206857 
1941,2142,142.06,0.235726 
1942,2142,142.06,0.188874 
1943,2138,141.18,0.188893 
1944,2141,141.84,0.203336 
1945,2145,142.71,0.192539 
1946,2143,142.27,0.178134 
1947,2141,141.84,0.185364 
1948,2138,141.18,0.192594 
1949,2139,141.40,0.203431 
1950,2142,142.06,0.199847 
1951,2144,142.49,0.189049 
1952,2143,142.27,0.181856 
1953,2150,143.80,0.185480 
1954,2141,141.84,0.160256 
1955,2147,143.15,0.192725 
1956,2143,142.27,0.171108 
1957,2144,142.49,0.185548 
1958,2130,139.44,0.181961 
