13,1964,132.28,0.794864 
14,1966,132.81,0.790651 
15,1966,132.81,0.782113 
16,1967,133.07,0.782226 
17,1962,131.76,0.778015 
18,1961,131.50,0.799757 
19,1969,133.59,0.804203 
20,1968,133.33,0.769715 
21,1970,133.85,0.774145 
22,1969,133.59,0.765618 
23,1969,133.59,0.770046 
Forno LIGADOForno LIGADOForno LIGADOForno LIGADOForno LIGADOForno LIGADOForno LIGADOForno LIGADOForno LIGADOForno LIGADOForno LIGADOForno LIGADOForno LIGADO24,1969,133.59,0.770156 
25,1968,133.33,0.770267 
26,1974,134.89,0.774697 
27,1968,133.33,0.748911 
28,1968,133.33,0.774916 
29,1971,134.11,0.775027 
30,1968,133.33,0.762182 
31,1968,133.33,0.775247 
32,1968,133.33,0.775358 
33,1968,133.33,0.775469 
34,1950,128.61,0.775580 
35,1968,133.33,0.853712 
36,1970,133.85,0.775813 
37,1966,132.81,0.767286 
38,1967,133.07,0.784679 
39,1964,132.28,0.780468 
40,1968,133.33,0.793553 
41,1963,132.02,0.776371 
42,2004,142.67,0.798105 
43,1965,132.54,0.622028 
44,1967,133.07,0.789654 
45,1968,133.33,0.781120 
46,1959,130.97,0.776910 
47,1965,132.54,0.815970 
48,1966,132.81,0.790107 
49,1970,133.85,0.785895 
50,1966,132.81,0.768724 
51,1967,133.07,0.786117 
52,1968,133.33,0.781906 
53,1975,135.15,0.777696 
54,1968,133.33,0.747598 
55,1967,133.07,0.777914 
56,1967,133.07,0.782346 
57,1968,133.33,0.782458 
58,1967,133.07,0.778248 
59,1969,133.59,0.782681 
60,1975,135.15,0.774150 
61,1967,133.07,0.748372 
62,1968,133.33,0.783009 
63,1968,133.33,0.778799 
64,1968,133.33,0.778910 
65,1966,132.81,0.779021 
66,1974,134.89,0.787777 
67,1969,133.59,0.753347 
68,1970,133.85,0.775032 
69,1968,133.33,0.770824 
70,1968,133.33,0.779572 
71,1968,133.33,0.779683 
72,1970,133.85,0.779794 
73,1968,133.33,0.771266 
74,1968,133.33,0.780015 
75,1968,133.33,0.780126 
76,1968,133.33,0.780237 
77,1971,134.11,0.780348 
78,1977,135.68,0.767503 
79,1975,135.15,0.741741 
80,1970,133.85,0.750465 
81,1970,133.85,0.772141 
82,1972,134.37,0.772251 
83,1972,134.37,0.763728 
84,1973,134.63,0.763837 
85,1968,133.33,0.759631 
86,1970,133.85,0.781325 
87,1968,133.33,0.772797 
88,1968,133.33,0.781545 
89,1966,132.81,0.781656 
90,1968,133.33,0.790412 
91,1968,133.33,0.781880 
92,1968,133.33,0.781991 
93,1967,133.07,0.782102 
94,1967,133.07,0.786534 
95,1964,132.28,0.786646 
96,1967,133.07,0.799731 
97,1968,133.33,0.786871 
98,1967,133.07,0.782661 
99,1968,133.33,0.787094 
100,1968,133.33,0.782884 
101,1965,132.54,0.782995 
102,1969,133.59,0.796075 
103,1970,133.85,0.778898 
104,1968,133.33,0.774690 
105,1973,134.63,0.783439 
106,1968,133.33,0.761964 
107,1964,132.28,0.783658 
108,1973,134.63,0.801064 
109,1969,133.59,0.762297 
110,1968,133.33,0.779670 
111,1968,133.33,0.784100 
112,1968,133.33,0.784211 
113,1968,133.33,0.784322 
114,1967,133.07,0.784433 
115,1962,131.76,0.788866 
116,1967,133.07,0.810608 
117,1968,133.33,0.789092 
118,1968,133.33,0.784882 
119,1973,134.63,0.784993 
120,1968,133.33,0.763519 
121,1966,132.81,0.785212 
122,1967,133.07,0.793968 
123,1967,133.07,0.789757 
124,1967,133.07,0.789869 
125,1968,133.33,0.789980 
126,1968,133.33,0.785770 
127,1963,132.02,0.785881 
128,1966,132.81,0.807616 
129,1968,133.33,0.794751 
130,1970,133.85,0.786219 
131,1970,133.85,0.777691 
132,1968,133.33,0.777801 
133,1970,133.85,0.786549 
134,1971,134.11,0.778022 
135,1972,134.37,0.773814 
136,1971,134.11,0.769608 
137,1970,133.85,0.774032 
138,1966,132.81,0.778458 
139,1968,133.33,0.795851 
140,1967,133.07,0.787319 
141,1968,133.33,0.791752 
142,1967,133.07,0.787542 
143,1967,133.07,0.791974 
144,1966,132.81,0.792086 
145,1967,133.07,0.796520 
146,1968,133.33,0.792310 
147,1969,133.59,0.788100 
148,1968,133.33,0.783890 
149,1968,133.33,0.788321 
150,1979,136.20,0.788432 
151,1971,134.11,0.741105 
152,1970,133.85,0.775691 
153,1955,129.92,0.780118 
154,1970,133.85,0.845165 
155,1970,133.85,0.780347 
156,1977,135.68,0.780456 
157,1974,134.89,0.750378 
158,1973,134.63,0.763412 
159,1970,133.85,0.767832 
160,1975,135.15,0.780887 
161,1974,134.89,0.759426 
162,1971,134.11,0.763844 
163,1968,133.33,0.776893 
164,1968,133.33,0.789958 
165,1968,133.33,0.790069 
166,1972,134.37,0.790180 
167,1968,133.33,0.773020 
168,1969,133.59,0.790400 
169,1969,133.59,0.786191 
170,1974,134.89,0.786301 
171,1969,133.59,0.764834 
172,1973,134.63,0.786519 
173,1975,135.15,0.769364 
174,1975,135.15,0.760848 
175,1974,134.89,0.760955 
176,1969,133.59,0.765373 
177,1969,133.59,0.787058 
178,1971,134.11,0.787168 
179,1970,133.85,0.778643 
180,1970,133.85,0.783069 
181,1969,133.59,0.783179 
182,1969,133.59,0.787607 
183,1970,133.85,0.787717 
184,1968,133.33,0.783509 
185,1969,133.59,0.792258 
186,1971,134.11,0.788049 
187,1962,131.76,0.779523 
188,1968,133.33,0.818541 
189,1969,133.59,0.792703 
190,1978,135.94,0.788494 
191,1974,134.89,0.749792 
192,2013,144.99,0.767131 
193,1974,134.89,0.600232 
194,1957,130.45,0.767322 
195,1973,134.63,0.840948 
196,1980,136.46,0.771860 
197,1982,136.98,0.741812 
198,1974,134.89,0.733313 
199,1975,135.15,0.767861 
200,1975,135.15,0.763657 
201,1975,135.15,0.763764 
202,1975,135.15,0.763871 
203,1977,135.68,0.763977 
204,1974,134.89,0.755466 
205,1974,134.89,0.768500 
206,1977,135.68,0.768608 
207,1978,135.94,0.755786 
208,1977,135.68,0.751585 
209,1980,136.46,0.755996 
210,1979,136.20,0.743187 
211,1975,135.15,0.747594 
212,1978,135.94,0.764927 
213,1978,135.94,0.752110 
214,1978,135.94,0.752215 
215,1984,137.50,0.752320 
216,1982,136.98,0.726617 
217,1981,136.72,0.735315 
218,1978,135.94,0.739718 
219,1983,137.24,0.752731 
220,1981,136.72,0.731326 
221,1985,137.76,0.740027 
222,1984,137.50,0.722937 
223,1984,137.50,0.727334 
224,1985,137.76,0.727435 
225,1984,137.50,0.723240 
226,1986,138.02,0.727636 
227,1989,138.79,0.719147 
228,1991,139.31,0.706373 
229,1994,140.09,0.697896 
230,1988,138.53,0.685142 
231,1990,139.05,0.710953 
232,1991,139.31,0.702473 
233,2005,142.93,0.698284 
234,1987,138.27,0.638525 
235,1987,138.27,0.715625 
236,1986,138.02,0.715724 
237,1994,140.09,0.720116 
238,1988,138.53,0.685916 
239,1987,138.27,0.711727 
240,1984,137.50,0.716117 
241,1984,137.50,0.729099 
242,1985,137.76,0.729200 
243,1990,139.05,0.725005 
244,1984,137.50,0.703650 
245,1987,138.27,0.729499 
246,1985,137.76,0.716717 
247,1988,138.53,0.725404 
248,2006,143.19,0.712626 
249,1987,138.27,0.635740 
250,1991,139.31,0.717103 
251,1994,140.09,0.700046 
252,1995,140.35,0.687292 
253,1993,139.83,0.683106 
254,2044,152.92,0.691763 
255,2033,150.11,0.475399 
256,1998,141.12,0.521817 
257,1999,141.38,0.670598 
258,1995,140.35,0.666416 
259,1994,140.09,0.683616 
260,1992,139.57,0.687991 
261,1996,140.61,0.696652 
262,1994,140.09,0.679622 
263,1989,138.79,0.688276 
264,1992,139.57,0.709797 
265,1989,138.79,0.697034 
266,1995,140.35,0.709991 
267,1990,139.05,0.684382 
268,1997,140.86,0.705895 
269,1994,140.09,0.676017 
270,1997,140.86,0.688947 
271,1999,141.38,0.676205 
272,2000,141.64,0.667747 
273,1984,137.50,0.663566 
274,1997,140.86,0.732209 
275,1989,138.79,0.676582 
276,2000,141.64,0.710939 
277,1989,138.79,0.663949 
278,1997,140.86,0.711128 
279,1994,140.09,0.676962 
280,1997,140.86,0.689893 
281,1994,140.09,0.677150 
282,1995,140.35,0.690081 
283,1997,140.86,0.685895 
284,1998,141.12,0.677433 
285,1997,140.86,0.673250 
286,1997,140.86,0.677618 
287,2000,141.64,0.677711 
288,2000,141.64,0.664981 
289,2000,141.64,0.665072 
290,2004,142.67,0.665163 
291,2000,141.64,0.648177 
292,1998,141.12,0.665343 
293,1998,141.12,0.673982 
294,2007,143.45,0.674075 
295,2000,141.64,0.635750 
296,1998,141.12,0.665706 
297,1998,141.12,0.674345 
298,1990,139.05,0.674438 
299,1994,140.09,0.708782 
300,1999,141.38,0.691741 
301,2000,141.64,0.670448 
302,1995,140.35,0.666267 
303,1997,140.86,0.687738 
304,2002,142.16,0.679276 
305,1999,141.38,0.658004 
306,2001,141.90,0.670908 
307,2000,141.64,0.662455 
308,1998,141.12,0.666818 
309,2001,141.90,0.675457 
310,2000,141.64,0.662730 
311,2007,143.45,0.667092 
312,2000,141.64,0.637314 
313,2004,142.67,0.667270 
314,2000,141.64,0.650284 
315,2017,146.02,0.667450 
316,2003,142.41,0.595130 
317,2003,142.41,0.654812 
318,2002,142.16,0.654901 
319,2000,141.64,0.659259 
320,2004,142.67,0.667891 
321,2006,143.19,0.650905 
322,2000,141.64,0.642464 
323,2000,141.64,0.668159 
324,2000,141.64,0.668250 
325,2000,141.64,0.668341 
326,2000,141.64,0.668432 
327,1996,140.61,0.668524 
328,2003,142.41,0.685716 
329,1999,141.38,0.655898 
330,2000,141.64,0.673071 
331,2001,141.90,0.668890 
332,2009,143.96,0.664709 
333,2000,141.64,0.630682 
334,2001,141.90,0.669157 
335,2000,141.64,0.664977 
336,2004,142.67,0.669339 
337,2007,143.45,0.652353 
338,2003,142.41,0.639650 
339,2004,142.67,0.656796 
340,2000,141.64,0.652618 
341,2000,141.64,0.669784 
342,2005,142.93,0.669876 
343,2002,142.16,0.648624 
344,2000,141.64,0.661513 
345,2000,141.64,0.670145 
346,2000,141.64,0.670236 
347,2001,141.90,0.670327 
348,2004,142.67,0.666147 
349,2000,141.64,0.653432 
350,2000,141.64,0.670598 
351,2000,141.64,0.670689 
352,2000,141.64,0.670781 
353,2002,142.16,0.670872 
354,2000,141.64,0.662421 
355,1999,141.38,0.671053 
356,2004,142.67,0.675417 
357,2004,142.67,0.654159 
358,2034,150.37,0.654248 
359,2003,142.41,0.527029 
360,2004,142.67,0.658674 
361,2000,141.64,0.654496 
362,2007,143.45,0.671662 
363,2003,142.41,0.641884 
364,2002,142.16,0.659030 
365,2003,142.41,0.663388 
366,2009,143.96,0.659210 
367,2002,142.16,0.633720 
368,2007,143.45,0.663653 
369,2007,143.45,0.642416 
370,2002,142.16,0.642503 
371,2006,143.19,0.663917 
372,2005,142.93,0.646942 
373,2002,142.16,0.651294 
374,2000,141.64,0.664183 
375,2002,142.16,0.672815 
376,2000,141.64,0.664364 
377,2001,141.90,0.672996 
378,1999,141.38,0.668816 
379,2002,142.16,0.677451 
380,2002,142.16,0.664728 
381,2017,146.02,0.664818 
382,2005,142.93,0.601039 
383,2000,141.64,0.652188 
384,2010,144.22,0.673619 
385,2004,142.67,0.631062 
386,2012,144.73,0.656718 
387,2006,143.19,0.622725 
388,2009,143.96,0.648361 
389,2007,143.45,0.635665 
390,2001,141.90,0.644272 
391,2010,144.22,0.669956 
392,2008,143.70,0.631671 
393,2003,142.41,0.640273 
394,2001,141.90,0.661680 
395,2004,142.67,0.670308 
396,2001,141.90,0.657593 
397,2001,141.90,0.670487 
398,2010,144.22,0.670578 
399,2001,141.90,0.632292 
400,2004,142.67,0.670753 
401,2014,145.25,0.658038 
402,2006,143.19,0.615540 
403,2007,143.45,0.649680 
404,2006,143.19,0.645505 
405,2017,146.02,0.649855 
406,2011,144.48,0.603138 
407,2006,143.19,0.628726 
408,2006,143.19,0.650108 
409,2032,149.86,0.650195 
410,2005,142.93,0.539950 
411,2004,142.67,0.654619 
412,2005,142.93,0.658972 
413,2003,142.41,0.654795 
414,2001,141.90,0.663416 
415,2006,143.19,0.672044 
416,1975,135.15,0.650800 
417,2004,142.67,0.783777 
418,2005,142.93,0.659523 
419,2011,144.48,0.655347 
420,2026,148.32,0.629873 
421,2007,143.45,0.566293 
422,2009,143.96,0.647068 
423,2000,141.64,0.638635 
424,2010,144.22,0.677110 
425,2013,144.99,0.634554 
426,2013,144.99,0.621874 
427,2012,144.73,0.621957 
428,2009,143.96,0.626294 
429,2011,144.48,0.639147 
430,2011,144.48,0.630718 
431,2010,144.22,0.630803 
432,2006,143.19,0.635144 
433,2012,144.73,0.652270 
434,2004,142.67,0.626805 
435,2005,142.93,0.660971 
436,2007,143.45,0.656794 
437,2007,143.45,0.648356 
438,2005,142.93,0.648443 
439,2001,141.90,0.657056 
440,2002,142.16,0.674216 
441,2005,142.93,0.670036 
442,2005,142.93,0.657325 
443,2006,143.19,0.657413 
444,2003,142.41,0.653237 
445,2010,144.22,0.666121 
446,2005,142.93,0.636373 
447,2005,142.93,0.657763 
448,2005,142.93,0.657852 
449,2009,143.96,0.657940 
450,2009,143.96,0.640981 
451,2003,142.41,0.641067 
452,1998,141.12,0.666732 
453,2011,144.48,0.688179 
454,2005,142.93,0.632820 
455,2005,142.93,0.658466 
456,2006,143.19,0.658554 
457,2006,143.19,0.654378 
458,2010,144.22,0.654465 
459,2009,143.96,0.637512 
460,2010,144.22,0.641855 
461,2006,143.19,0.637683 
462,2013,144.99,0.654809 
463,2012,144.73,0.625091 
464,2003,142.41,0.629427 
465,2011,144.48,0.667860 
466,2014,145.25,0.633856 
467,2000,141.64,0.621180 
468,2012,144.73,0.680927 
469,2015,145.50,0.629859 
470,2013,144.99,0.617187 
471,2015,145.50,0.625772 
472,2011,144.48,0.617353 
473,2000,141.64,0.634445 
474,2007,143.45,0.681434 
475,2007,143.45,0.651656 
476,2010,144.22,0.651743 
477,2009,143.96,0.639051 
478,2005,142.93,0.643394 
479,2006,143.19,0.660527 
480,2008,143.70,0.656351 
481,2006,143.19,0.647915 
482,2009,143.96,0.656525 
483,2007,143.45,0.643830 
484,2010,144.22,0.652436 
485,2011,144.48,0.639744 
486,2013,144.99,0.635573 
487,2018,146.27,0.627149 
488,2015,145.50,0.605988 
489,2014,145.25,0.618810 
490,2015,145.50,0.623143 
491,2011,144.48,0.618975 
492,2005,142.93,0.636068 
493,2007,143.45,0.661714 
494,2007,143.45,0.653275 
495,2005,142.93,0.653362 
496,2005,142.93,0.661976 
497,2006,143.19,0.662064 
498,2008,143.70,0.657888 
499,2006,143.19,0.649452 
500,2009,143.96,0.658062 
501,2011,144.48,0.645367 
502,2012,144.73,0.636938 
503,2015,145.50,0.632767 
504,2017,146.02,0.620096 
505,2005,142.93,0.611681 
506,2013,144.99,0.662831 
507,2013,144.99,0.628849 
508,2011,144.48,0.628932 
509,2011,144.48,0.637524 
510,2007,143.45,0.637608 
511,2005,142.93,0.654728 
512,1964,132.28,0.663341 
513,2007,143.45,0.839559 
514,2006,143.19,0.655016 
515,2005,142.93,0.659366 
516,2014,145.25,0.663717 
517,2007,143.45,0.625484 
518,2007,143.45,0.655362 
519,2011,144.48,0.655449 
520,2014,145.25,0.638501 
521,2013,144.99,0.625825 
522,2011,144.48,0.630159 
523,2014,145.25,0.638751 
524,2017,146.02,0.626075 
525,2011,144.48,0.613411 
526,2013,144.99,0.638999 
527,2006,143.19,0.630575 
528,2010,144.22,0.660464 
529,2007,143.45,0.643511 
530,2007,143.45,0.656374 
531,2009,143.96,0.656461 
532,2006,143.19,0.648028 
533,2010,144.22,0.660896 
534,2007,143.45,0.643943 
535,2007,143.45,0.656807 
536,2006,143.19,0.656894 
537,2010,144.22,0.661243 
538,2013,144.99,0.644290 
539,2006,143.19,0.631610 
540,2013,144.99,0.661499 
541,2012,144.73,0.631781 
542,2018,146.27,0.636117 
543,2046,153.42,0.610704 
544,2011,144.48,0.492516 
545,2007,143.45,0.640600 
546,2000,141.64,0.657719 
547,2015,145.50,0.687675 
548,2015,145.50,0.623852 
549,2010,144.22,0.623934 
550,2010,144.22,0.645283 
551,2013,144.99,0.645368 
552,2012,144.73,0.632688 
553,2007,143.45,0.637025 
554,2011,144.48,0.658399 
555,2006,143.19,0.641451 
556,2007,143.45,0.662833 
557,2007,143.45,0.658658 
558,2009,143.96,0.658745 
559,2014,145.25,0.650311 
560,2006,143.19,0.629122 
561,2009,143.96,0.663262 
562,2016,145.76,0.650567 
563,2007,143.45,0.620879 
564,2014,145.25,0.659255 
565,2007,143.45,0.629546 
566,2009,143.96,0.659424 
567,2009,143.96,0.650991 
568,2014,145.25,0.651076 
569,2017,146.02,0.629888 
570,2000,141.64,0.617224 
571,2015,145.50,0.689715 
572,2016,145.76,0.625892 
573,2014,145.25,0.621725 
574,2010,144.22,0.630306 
575,2014,145.25,0.647405 
576,2011,144.48,0.630473 
577,2017,146.02,0.643316 
578,2013,144.99,0.617894 
579,2007,143.45,0.634973 
580,2021,147.04,0.660600 
581,2004,142.67,0.601171 
582,2009,143.96,0.673557 
583,2010,144.22,0.652333 
584,2009,143.96,0.648161 
585,2009,143.96,0.652504 
586,2010,144.22,0.652590 
587,2003,142.41,0.648418 
588,2010,144.22,0.678340 
589,2011,144.48,0.648592 
590,2010,144.22,0.644421 
591,2011,144.48,0.648762 
592,2006,143.19,0.644591 
593,2010,144.22,0.665972 
594,2006,143.19,0.649019 
595,2007,143.45,0.666145 
596,2011,144.48,0.661970 
597,2043,152.66,0.645022 
598,2000,141.64,0.509701 
599,2009,143.96,0.692076 
600,2011,144.48,0.653777 
601,2007,143.45,0.645349 
602,2013,144.99,0.662468 
603,2007,143.45,0.637012 
604,2009,143.96,0.662638 
605,2010,144.22,0.654205 
606,2008,143.70,0.650032 
607,2007,143.45,0.658635 
608,2010,144.22,0.662982 
609,2000,141.64,0.650291 
610,2015,145.50,0.693024 
611,2011,144.48,0.629200 
612,2014,145.25,0.646293 
613,2013,144.99,0.633617 
614,2010,144.22,0.637952 
615,2013,144.99,0.650800 
616,2019,146.53,0.638120 
617,2013,144.99,0.612715 
618,2013,144.99,0.638283 
619,2014,145.25,0.638366 
620,2015,145.50,0.634197 
621,2010,144.22,0.630030 
622,2017,146.02,0.651379 
623,2010,144.22,0.621701 
624,2016,145.76,0.651545 
625,2014,145.25,0.626114 
626,2015,145.50,0.634695 
627,2011,144.48,0.630527 
628,2014,145.25,0.647620 
629,2013,144.99,0.634944 
630,2018,146.27,0.639278 
631,2016,145.76,0.618117 
632,2016,145.76,0.626691 
633,2014,145.25,0.626772 
634,2014,145.25,0.635353 
635,2016,145.76,0.635436 
636,2020,146.79,0.627019 
637,2016,145.76,0.610120 
638,2018,146.27,0.627179 
639,2012,144.73,0.618768 
640,2013,144.99,0.644346 
641,2014,145.25,0.640176 
642,2014,145.25,0.636007 
643,2015,145.50,0.636090 
644,2015,145.50,0.631922 
645,2015,145.50,0.632004 
646,2014,145.25,0.632086 
647,2013,144.99,0.636419 
648,2016,145.76,0.640753 
649,2013,144.99,0.628085 
650,2013,144.99,0.640918 
651,2011,144.48,0.641001 
652,2007,143.45,0.649593 
653,2012,144.73,0.666712 
654,2015,145.50,0.645510 
655,2013,144.99,0.632838 
656,2011,144.48,0.641422 
657,2009,143.96,0.650014 
658,2010,144.22,0.658613 
659,2007,143.45,0.654440 
660,2014,145.25,0.667304 
661,2006,143.19,0.637596 
662,2009,143.96,0.671736 
663,2007,143.45,0.659041 
664,2014,145.25,0.667647 
665,2007,143.45,0.637938 
666,2006,143.19,0.667816 
667,2011,144.48,0.672166 
668,2013,144.99,0.650956 
669,2013,144.99,0.642532 
670,2001,141.90,0.642615 
671,2016,145.76,0.693840 
672,2014,145.25,0.630038 
673,2015,145.50,0.638619 
674,2014,145.25,0.634451 
675,2016,145.76,0.638783 
676,2019,146.53,0.630367 
677,2032,149.86,0.617711 
678,2027,148.58,0.562752 
679,2022,147.30,0.583962 
680,2017,146.02,0.605213 
681,2029,149.09,0.626505 
682,2022,147.30,0.575736 
683,2025,148.07,0.605445 
684,2026,148.32,0.592812 
685,2028,148.84,0.588655 
686,2027,148.58,0.580267 
687,2030,149.35,0.584572 
688,2028,148.84,0.571959 
689,2031,149.60,0.580489 
690,2031,149.60,0.567880 
691,2033,150.11,0.567953 
692,2030,149.35,0.559577 
693,2030,149.35,0.572322 
694,2031,149.60,0.572395 
695,2030,149.35,0.568242 
696,2032,149.86,0.572540 
697,2030,149.35,0.564162 
698,2032,149.86,0.572685 
699,2032,149.86,0.564307 
700,2032,149.86,0.564379 
701,2029,149.09,0.564450 
702,2025,148.07,0.577200 
703,2036,150.88,0.594200 
704,2028,148.84,0.547788 
705,2032,149.86,0.581648 
706,2034,150.37,0.564815 
707,2035,150.62,0.556442 
708,2032,149.86,0.552292 
709,2038,151.39,0.565027 
710,2041,152.15,0.539782 
711,2042,152.41,0.527213 
712,2042,152.41,0.523070 
713,2046,153.42,0.523136 
714,2053,155.20,0.506379 
715,2032,149.86,0.477060 
716,2046,153.42,0.565486 
717,2046,153.42,0.506572 
718,2057,156.21,0.506636 
719,2053,155.20,0.460561 
720,2055,155.71,0.477374 
721,2055,155.71,0.469052 
722,2058,156.47,0.469110 
723,2055,155.71,0.456607 
724,2060,156.97,0.469224 
725,2055,155.71,0.448355 
726,2060,156.97,0.469336 
727,2071,159.75,0.448468 
728,2062,157.48,0.402619 
729,2063,157.73,0.440211 
730,2064,157.98,0.436087 
731,2064,157.98,0.431964 
732,2063,157.73,0.432016 
733,2058,156.47,0.436245 
734,2070,159.50,0.457201 
735,2064,157.98,0.407153 
736,2064,157.98,0.432226 
737,2074,160.50,0.432278 
738,2065,158.24,0.390653 
739,2119,171.73,0.428203 
740,2070,159.50,0.205076 
741,2081,162.26,0.407424 
742,2073,160.25,0.361735 
743,2071,159.75,0.395023 
744,2074,160.50,0.403396 
745,2073,160.25,0.390957 
746,2076,161.01,0.395164 
747,2075,160.75,0.382733 
748,2062,157.48,0.386936 
749,2080,162.01,0.441173 
750,2076,161.01,0.366261 
751,2079,161.76,0.382920 
752,2075,160.75,0.370501 
753,2078,161.51,0.387167 
754,2087,163.76,0.374743 
755,2078,161.51,0.337461 
756,2078,161.51,0.374826 
757,2080,162.01,0.374870 
758,2092,165.01,0.366609 
759,2074,160.50,0.316947 
760,2082,162.51,0.391621 
761,2084,163.01,0.358434 
762,2083,162.76,0.350183 
763,2082,162.51,0.354369 
764,2082,162.51,0.358557 
765,2081,162.26,0.358599 
766,2086,163.51,0.362789 
767,2089,164.26,0.342102 
768,2079,161.76,0.329722 
769,2080,162.01,0.371210 
770,2084,163.01,0.367102 
771,2090,164.51,0.350552 
772,2083,162.76,0.325749 
773,2090,164.51,0.354775 
774,2089,164.26,0.325827 
775,2082,162.51,0.330001 
776,2090,164.51,0.359038 
777,2095,165.76,0.325943 
778,2097,166.26,0.305319 
779,2096,166.01,0.297099 
780,2101,167.26,0.301258 
781,2096,166.01,0.280676 
782,2099,166.76,0.301322 
783,2101,167.26,0.288981 
784,2101,167.26,0.280771 
785,2094,165.51,0.280801 
786,2102,167.51,0.309704 
787,2098,166.51,0.276748 
788,2100,167.01,0.293260 
789,2111,169.75,0.285048 
790,2099,166.76,0.239842 
791,2103,167.76,0.289225 
792,2102,167.51,0.272779 
793,2101,167.26,0.276925 
794,2108,169.00,0.281074 
795,2106,168.50,0.252306 
796,2103,167.76,0.260553 
797,2107,168.75,0.272922 
798,2106,168.50,0.256498 
799,2105,168.26,0.260636 
800,2109,169.25,0.264775 
801,2118,171.48,0.248363 
802,2112,169.99,0.211485 
803,2115,170.74,0.236094 
804,2112,169.99,0.223817 
805,2112,169.99,0.236140 
806,2113,170.24,0.236164 
807,2112,169.99,0.232086 
808,2113,170.24,0.236211 
809,2112,169.99,0.232133 
810,2113,170.24,0.236258 
811,2113,170.24,0.232180 
812,2117,171.23,0.232203 
813,2122,172.47,0.215834 
814,2115,170.74,0.195398 
815,2114,170.49,0.224066 
816,2119,171.73,0.228186 
817,2114,170.49,0.207730 
818,2117,171.23,0.228229 
819,2119,171.73,0.215959 
820,2117,171.23,0.207793 
821,2128,173.95,0.216000 
822,2112,169.99,0.171067 
823,2118,171.48,0.236529 
824,2121,172.22,0.211965 
825,2115,170.74,0.199711 
826,2119,171.73,0.224291 
827,2122,172.47,0.207933 
828,2128,173.95,0.195683 
829,2122,172.47,0.171204 
830,2122,172.47,0.195715 
831,2122,172.47,0.195733 
832,2081,162.26,0.195751 
833,2188,188.58,0.364629 
834,2128,173.95,-0.070660 
835,2124,172.96,0.171294 
836,2125,173.21,0.187633 
837,2123,172.72,0.183566 
838,2132,174.94,0.191752 
839,2094,165.51,0.155057 
840,2128,173.95,0.310911 
841,2133,175.18,0.171405 
842,2128,173.95,0.151046 
843,2128,173.95,0.171431 
844,2126,173.46,0.171445 
845,2128,173.95,0.179619 
846,2130,174.44,0.171475 
847,2130,174.44,0.163336 
848,2128,173.95,0.163349 
849,2185,187.86,0.171516 
850,2128,173.95,-0.058475 
851,2128,173.95,0.171511 
852,2128,173.95,0.171526 
853,2134,175.43,0.171540 
854,2126,173.46,0.147112 
855,2131,174.69,0.179725 
856,2134,175.43,0.159353 
857,2129,174.20,0.147151 
858,2134,175.43,0.167527 
859,2130,174.44,0.147175 
860,2130,174.44,0.163476 
861,2126,173.46,0.163489 
862,2133,175.18,0.179816 
863,2130,174.44,0.151298 
864,2129,174.20,0.163529 
865,2135,175.67,0.167618 
866,2133,175.18,0.143198 
867,2134,175.43,0.151347 
868,2135,175.67,0.147288 
869,2137,176.17,0.143231 
870,2137,176.17,0.135109 
871,2130,174.44,0.135118 
872,2137,176.17,0.163617 
873,2134,175.43,0.135140 
874,2137,176.17,0.147350 
875,2139,176.66,0.135160 
876,2132,174.94,0.127043 
877,2143,177.64,0.155520 
878,2166,183.25,0.110828 
879,2142,177.39,0.017955 
880,2138,176.41,0.114882 
881,2142,177.39,0.131129 
882,2150,179.35,0.114897 
883,2147,178.62,0.082495 
884,2171,184.47,0.094638 
885,2139,176.66,-0.002112 
886,2146,178.37,0.127076 
887,2144,177.88,0.098689 
888,2144,177.88,0.106798 
889,2145,178.13,0.106803 
890,2147,178.62,0.102755 
891,2146,178.37,0.094657 
892,2143,177.64,0.098711 
893,2145,178.13,0.110875 
894,2143,177.64,0.102772 
895,2143,177.64,0.110885 
896,2155,180.57,0.110890 
897,2142,177.39,0.062338 
898,2146,178.37,0.114951 
899,2151,179.60,0.098741 
900,2149,179.11,0.078508 
901,2143,177.64,0.086599 
902,2143,177.64,0.110908 
903,2154,180.33,0.110913 
904,2132,174.94,0.066399 
905,2138,176.41,0.155622 
906,2142,177.39,0.131227 
907,2143,177.64,0.114995 
908,2143,177.64,0.110945 
909,2143,177.64,0.110951 
910,2146,178.37,0.110956 
911,2138,176.41,0.098802 
912,2147,178.62,0.131263 
913,2143,177.64,0.094764 
914,2144,177.88,0.110978 
915,2140,176.90,0.106928 
916,2147,178.62,0.123162 
917,2139,176.66,0.094785 
918,2141,177.15,0.127234 
919,2142,177.39,0.119121 
920,2149,179.11,0.115070 
921,2144,177.88,0.086713 
922,2142,177.39,0.106967 
923,2141,177.15,0.115083 
924,2137,176.17,0.119148 
925,2140,176.90,0.135401 
926,2134,175.43,0.123223 
927,2134,175.43,0.147618 
928,2133,175.18,0.147629 
929,2136,175.92,0.151710 
930,2138,176.41,0.139516 
931,2144,177.88,0.131396 
932,2141,177.15,0.107053 
933,2137,176.17,0.119227 
934,2139,176.66,0.135481 
935,2138,176.41,0.127364 
936,2142,177.39,0.131434 
937,2144,177.88,0.115202 
938,2147,178.62,0.107097 
939,2139,176.66,0.094946 
940,2143,177.64,0.127395 
941,2140,176.90,0.111168 
942,2138,176.41,0.123347 
943,2138,176.41,0.131478 
944,2134,175.43,0.131486 
945,2141,177.15,0.147760 
946,2135,175.67,0.119323 
947,2140,176.90,0.143709 
948,2141,177.15,0.123400 
949,2145,178.13,0.119348 
950,2139,176.66,0.103131 
951,2138,176.41,0.127479 
952,2130,174.44,0.131549 
953,2134,175.43,0.164112 
954,2138,176.41,0.147836 
955,2138,176.41,0.131582 
956,2138,176.41,0.131590 
957,2134,175.43,0.131599 
958,2139,176.66,0.147873 
959,2139,176.66,0.127556 
960,2141,177.15,0.127564 
961,2135,175.67,0.119452 
962,2138,176.41,0.143838 
963,2145,178.13,0.131651 
964,2141,177.15,0.103255 
965,2144,177.88,0.119482 
966,2250,203.35,0.107319 
967,2144,177.88,-0.313897 
968,2140,176.90,0.107269 
969,2142,177.39,0.123503 
970,2138,176.41,0.115392 
971,2142,177.39,0.131639 
972,2144,177.88,0.115407 
973,2139,176.66,0.107302 
974,2138,176.41,0.127597 
975,2143,177.64,0.131667 
976,2143,177.64,0.111379 
977,2141,177.15,0.111384 
978,2141,177.15,0.119504 
979,2141,177.15,0.119511 
980,2141,177.15,0.119518 
981,2142,177.39,0.119525 
982,2139,176.66,0.115473 
983,2135,175.67,0.127658 
984,2135,175.67,0.143925 
985,2115,170.74,0.143935 
986,2137,176.17,0.225604 
987,2140,176.90,0.135835 
988,2147,178.62,0.123657 
989,2142,177.39,0.095280 
990,2142,177.39,0.115550 
991,2154,180.33,0.115556 
992,2149,179.11,0.066986 
993,2142,177.39,0.087199 
994,2145,178.13,0.115564 
995,2140,176.90,0.103405 
996,2145,178.13,0.123692 
997,2137,176.17,0.103417 
998,2134,175.43,0.135891 
999,2141,177.15,0.148101 
1000,2138,176.41,0.119664 
1001,2146,178.37,0.131853 
1002,2140,176.90,0.099405 
1003,2138,176.41,0.123743 
1004,2135,175.67,0.131873 
1005,2128,173.95,0.144078 
1006,2135,175.67,0.172600 
1007,2135,175.67,0.144103 
1008,2144,177.88,0.144113 
1009,2146,178.37,0.107575 
1010,2138,176.41,0.099475 
1011,2142,177.39,0.131936 
1012,2128,173.95,0.115704 
1013,2132,174.94,0.172659 
1014,2138,176.41,0.156371 
1015,2133,175.18,0.131977 
1016,2134,175.43,0.152321 
1017,2128,173.95,0.148262 
1018,2130,174.44,0.172716 
1019,2140,176.90,0.164577 
1020,2133,175.18,0.123912 
1021,2132,174.94,0.152378 
1022,2130,174.44,0.156461 
1023,2137,176.17,0.164621 
1024,2133,175.18,0.136144 
1025,2134,175.43,0.152424 
1026,2130,174.44,0.148365 
1027,2135,175.67,0.164665 
1028,2135,175.67,0.144321 
1029,2135,175.67,0.144331 
1030,2130,174.44,0.144342 
1031,2135,175.67,0.164710 
1032,1974,134.89,0.144365 
1033,2135,175.67,0.818927 
1034,2142,177.39,0.144483 
1035,2130,174.44,0.116056 
1036,2141,177.15,0.164857 
1037,2145,178.13,0.120133 
1038,2139,176.66,0.103917 
1039,2132,174.94,0.128265 
1040,2132,174.94,0.156741 
1041,2137,176.17,0.156753 
1042,2134,175.43,0.136423 
1043,2131,174.69,0.148633 
1044,2129,174.20,0.160859 
1045,2131,174.69,0.169022 
1046,2133,175.18,0.160885 
1047,2138,176.41,0.152753 
1048,2128,173.95,0.132429 
1049,2139,176.66,0.173146 
1050,2135,175.67,0.128390 
1051,2141,177.15,0.144657 
1052,2138,176.41,0.120288 
1053,2138,176.41,0.132477 
1054,2139,176.66,0.132486 
1055,2137,176.17,0.128432 
1056,2138,176.41,0.136567 
1057,2133,175.18,0.132512 
1058,2137,176.17,0.152855 
1059,2135,175.67,0.136596 
1060,2134,175.43,0.144737 
1061,2130,174.44,0.148816 
1062,2134,175.43,0.165116 
1063,2130,174.44,0.148840 
1064,2130,174.44,0.165140 
1065,2137,176.17,0.165154 
1066,2131,174.69,0.136677 
1067,2130,174.44,0.161101 
1068,2133,175.18,0.165189 
1069,2128,173.95,0.152983 
1070,2130,174.44,0.173367 
1071,2131,174.69,0.165228 
1072,2138,176.41,0.161166 
1073,2133,175.18,0.132699 
1074,2134,175.43,0.153043 
1075,2133,175.18,0.148984 
1076,2139,176.66,0.153065 
1077,2141,177.15,0.128679 
1078,2138,176.41,0.120567 
1079,2137,176.17,0.132756 
1080,2135,175.67,0.136829 
1081,2134,175.43,0.144970 
1082,2133,175.18,0.149049 
1083,2130,174.44,0.153130 
1084,2129,174.20,0.165361 
1085,2130,174.44,0.169450 
1086,2130,174.44,0.165388 
1087,2129,174.20,0.165401 
1088,2135,175.67,0.169490 
1089,2130,174.44,0.145070 
1090,2126,173.46,0.165438 
1091,2130,174.44,0.181765 
1092,2131,174.69,0.165467 
1093,2128,173.95,0.161406 
1094,2135,175.67,0.173647 
1095,2132,174.94,0.145150 
1096,2133,175.18,0.157370 
1097,2137,176.17,0.153311 
1098,2133,175.18,0.137051 
1099,2136,175.92,0.153331 
1100,2141,177.15,0.141137 
1101,2138,176.41,0.120835 
1102,2138,176.41,0.133024 
1103,2134,175.43,0.133032 
1104,2141,177.15,0.149306 
1105,2141,177.15,0.120869 
1106,2129,174.20,0.120876 
1107,2135,175.67,0.169696 
1108,2131,174.69,0.145276 
1109,2135,175.67,0.161569 
1110,2132,174.94,0.145299 
1111,2128,173.95,0.157519 
1112,2133,175.18,0.173833 
1113,2128,173.95,0.153474 
1114,2132,174.94,0.173858 
1115,2122,172.47,0.157571 
1116,2129,174.20,0.198382 
1117,2130,174.44,0.169825 
1118,2128,173.95,0.165763 
1119,2128,173.95,0.173930 
1120,2131,174.69,0.173944 
1121,2131,174.69,0.161730 
1122,2139,176.66,0.161743 
1123,2134,175.43,0.129214 
1124,2128,173.95,0.149549 
1125,2130,174.44,0.174003 
1126,2128,173.95,0.165863 
1127,2133,175.18,0.174030 
1128,2130,174.44,0.153672 
1129,2129,174.20,0.165902 
1130,2129,174.20,0.169992 
1131,2131,174.69,0.170005 
1132,2133,175.18,0.161868 
1133,2133,175.18,0.153737 
1134,2135,175.67,0.153748 
1135,2132,174.94,0.145621 
1136,2128,173.95,0.157841 
1137,2134,175.43,0.174155 
1138,2078,161.51,0.149726 
1139,2135,175.67,0.379993 
1140,2129,174.20,0.145713 
1141,2133,175.18,0.170157 
1142,2128,173.95,0.153875 
1143,2129,174.20,0.174260 
1144,2127,173.70,0.170196 
1145,2131,174.69,0.178367 
1146,2133,175.18,0.162074 
1147,2138,176.41,0.153943 
1148,2128,173.95,0.133619 
1149,2128,173.95,0.174335 
1150,2143,177.64,0.174350 
1151,2134,175.43,0.113359 
1152,2134,175.43,0.149927 
1153,2132,174.94,0.149938 
1154,2130,174.44,0.158090 
1155,2138,176.41,0.166250 
1156,2130,174.44,0.133709 
1157,2132,174.94,0.166272 
1158,2133,175.18,0.158137 
1159,2130,174.44,0.154078 
1160,2134,175.43,0.166308 
1161,2134,175.43,0.150032 
1162,2128,173.95,0.150043 
1163,2128,173.95,0.174497 
1164,2128,173.95,0.174511 
1165,2138,176.41,0.174526 
1166,2128,173.95,0.133832 
1167,2129,174.20,0.174549 
1168,2128,173.95,0.170485 
1169,2128,173.95,0.174577 
1170,2128,173.95,0.174591 
1171,2130,174.44,0.174606 
1172,2121,172.22,0.166466 
1173,2128,173.95,0.203219 
1174,2128,173.95,0.174652 
1175,2091,164.76,0.174666 
1176,2128,173.95,0.326617 
1177,2130,174.44,0.174717 
1178,2133,175.18,0.166577 
1179,2131,174.69,0.154372 
1180,2330,221.89,0.162527 
1181,2131,174.69,-0.618139 
1182,2132,174.94,0.162440 
1183,2126,173.46,0.158380 
1184,2130,174.44,0.182853 
1185,2129,174.20,0.166555 
1186,2126,173.46,0.170645 
1187,2137,176.17,0.182896 
1188,2128,173.95,0.138108 
1189,2129,174.20,0.174761 
1190,2126,173.46,0.170697 
1191,2128,173.95,0.182949 
1192,2126,173.46,0.174805 
1193,2127,173.70,0.182979 
1194,2146,178.37,0.178914 
1195,2128,173.95,0.101684 
1196,2125,173.21,0.174853 
1197,2128,173.95,0.187109 
1198,2125,173.21,0.174884 
1199,2138,176.41,0.187140 
1200,2127,173.70,0.134206 
1201,2128,173.95,0.179002 
1202,2125,173.21,0.174938 
1203,2123,172.72,0.187194 
1204,2131,174.69,0.195379 
1205,2126,173.46,0.162757 
1206,2130,174.44,0.183158 
1207,2128,173.95,0.166860 
1208,2117,171.23,0.175027 
1209,2127,173.70,0.219995 
1210,2122,172.47,0.179141 
1211,2126,173.46,0.199575 
1212,2128,173.95,0.183255 
1213,2128,173.95,0.175111 
1214,2124,172.96,0.175125 
1215,2126,173.46,0.191465 
1216,2127,173.70,0.183316 
1217,2128,173.95,0.179251 
1218,2121,172.22,0.175187 
1219,2125,173.21,0.203787 
1220,2118,171.48,0.187461 
1221,2127,173.70,0.216095 
1222,2118,171.48,0.179335 
1223,2119,171.73,0.216131 
1224,2119,171.73,0.212058 
1225,2132,174.94,0.212078 
1226,2141,177.15,0.159029 
1227,2126,173.46,0.122452 
1228,2127,173.70,0.183509 
1229,2125,173.21,0.179444 
1230,2126,173.46,0.187622 
1231,2126,173.46,0.183556 
1232,2125,173.21,0.183572 
1233,2124,172.96,0.187669 
1234,2122,172.47,0.191769 
1235,2124,172.96,0.199958 
1236,2119,171.73,0.191804 
1237,2130,174.44,0.212261 
1238,2124,172.96,0.167361 
1239,2117,171.23,0.191853 
1240,2114,170.49,0.220498 
1241,2117,171.23,0.232811 
1242,2112,169.99,0.220542 
1243,2112,169.99,0.241057 
1244,2112,169.99,0.241080 
1245,2119,171.73,0.241104 
1246,2117,171.23,0.212447 
1247,2114,170.49,0.220654 
1248,2116,170.98,0.232966 
1249,2122,172.47,0.224793 
1250,2115,170.74,0.200262 
1251,2126,173.46,0.228930 
1252,2118,171.48,0.183965 
1253,2125,173.21,0.216680 
1254,2121,172.22,0.188082 
1255,2122,172.47,0.204443 
1256,2125,173.21,0.200373 
1257,2123,172.72,0.188135 
1258,2123,172.72,0.196320 
1259,2113,170.24,0.196338 
1260,2117,171.23,0.237290 
1261,2121,172.22,0.220921 
1262,2112,169.99,0.204574 
1263,2114,170.49,0.241454 
1264,2114,170.49,0.233276 
1265,2113,170.24,0.233299 
1266,2115,170.74,0.237422 
1267,2122,172.47,0.229246 
1268,2112,169.99,0.200618 
1269,2123,172.72,0.241587 
1270,2115,170.74,0.196573 
1271,2125,173.21,0.229327 
1272,2126,173.46,0.188444 
1273,2114,170.49,0.184378 
1274,2112,169.99,0.233479 
1275,2119,171.73,0.241704 
1276,2117,171.23,0.213047 
1277,2119,171.73,0.221253 
1278,2124,172.96,0.213087 
1279,2116,170.98,0.192666 
1280,2118,171.48,0.225406 
1281,2112,169.99,0.217238 
1282,2096,166.01,0.241847 
1283,2112,169.99,0.307706 
1284,2113,170.24,0.241904 
1285,2115,170.74,0.237826 
1286,2119,171.73,0.229650 
1287,2123,172.72,0.213291 
1288,2121,172.22,0.196955 
1289,2117,171.23,0.205148 
1290,2113,170.24,0.221534 
1291,2113,170.24,0.237947 
1292,2107,168.75,0.237970 
1293,2115,170.74,0.262628 
1294,2112,169.99,0.229821 
1295,2113,170.24,0.242144 
1296,2112,169.99,0.238066 
1297,2112,169.99,0.242191 
1298,2112,169.99,0.242215 
1299,2107,168.75,0.242239 
1300,2107,168.75,0.262795 
1301,2112,169.99,0.262821 
1302,2112,169.99,0.242316 
1303,2109,169.25,0.242340 
1304,2111,169.75,0.254678 
1305,2115,170.74,0.246493 
1306,2115,170.74,0.230113 
1307,2112,169.99,0.230135 
1308,2113,170.24,0.242458 
1309,2114,170.49,0.238380 
1310,2113,170.24,0.234303 
1311,2122,172.47,0.238426 
1312,2112,169.99,0.201600 
1313,2111,169.75,0.242568 
1314,2113,170.24,0.246696 
1315,2110,169.50,0.238515 
1316,2112,169.99,0.250848 
1317,2103,167.76,0.242665 
1318,2108,169.00,0.279674 
1319,2111,169.75,0.259140 
1320,2110,169.50,0.246847 
1321,2112,169.99,0.250977 
1322,2109,169.25,0.242793 
1323,2118,171.48,0.255132 
1324,2111,169.75,0.218254 
1325,2112,169.99,0.246966 
1326,2109,169.25,0.242887 
1327,2113,170.24,0.255226 
1328,2112,169.99,0.238835 
1329,2112,169.99,0.242960 
1330,2119,171.73,0.242984 
1331,2111,169.75,0.214326 
1332,2107,168.75,0.247130 
1333,2111,169.75,0.263584 
1334,2106,168.50,0.247182 
1335,2107,168.75,0.267746 
1336,2111,169.75,0.263662 
1337,2107,168.75,0.247260 
1338,2106,168.50,0.263713 
1339,2106,168.50,0.267851 
1340,2102,167.51,0.267879 
1341,2116,170.98,0.284364 
1342,2105,168.26,0.226894 
1343,2105,168.26,0.272069 
1344,2104,168.01,0.272097 
1345,2094,165.51,0.276239 
1346,2103,167.76,0.317491 
1347,2099,166.76,0.280418 
1348,2109,169.25,0.296924 
1349,2108,169.00,0.255808 
1350,2111,169.75,0.259941 
1351,2106,168.50,0.247648 
1352,2107,168.75,0.268213 
1353,2104,168.01,0.264129 
1354,2108,169.00,0.276493 
1355,2039,151.64,0.260075 
1356,2112,169.99,0.547207 
1357,2108,169.00,0.243746 
1358,2110,169.50,0.260192 
1359,2107,168.75,0.252004 
1360,2112,169.99,0.264353 
1361,2112,169.99,0.243847 
1362,2114,170.49,0.243871 
1363,2110,169.50,0.235693 
1364,2118,171.48,0.252126 
1365,2111,169.75,0.219354 
1366,2112,169.99,0.248066 
1367,2118,171.48,0.243987 
1368,2117,171.23,0.219423 
1369,2113,170.24,0.223537 
1370,2112,169.99,0.239950 
1371,2114,170.49,0.244075 
1372,2115,170.74,0.235897 
1373,2112,169.99,0.231821 
1374,2114,170.49,0.244144 
1375,2112,169.99,0.235965 
1376,2116,170.98,0.244190 
1377,2113,170.24,0.227816 
1378,2114,170.49,0.240134 
1379,2112,169.99,0.236056 
1380,2112,169.99,0.244281 
1381,2107,168.75,0.244305 
1382,2110,169.50,0.264861 
1383,2110,169.50,0.252564 
1384,2112,169.99,0.252589 
1385,2112,169.99,0.244406 
1386,2109,169.25,0.244429 
1387,2110,169.50,0.256768 
1388,2109,169.25,0.252687 
1389,2109,169.25,0.256818 
1390,2108,169.00,0.256844 
1391,2110,169.50,0.260977 
1392,2113,170.24,0.252789 
1393,2110,169.50,0.240504 
1394,2105,168.26,0.252837 
1395,2111,169.75,0.273409 
1396,2112,169.99,0.248785 
1397,2109,169.25,0.244707 
1398,2110,169.50,0.257045 
1399,2117,171.23,0.252964 
1400,2106,168.50,0.224287 
1401,2111,169.75,0.269445 
1402,2098,166.51,0.248932 
1403,2102,167.51,0.302438 
1404,2104,168.01,0.285987 
1405,2112,169.99,0.277785 
1406,2101,167.26,0.244944 
1407,2112,169.99,0.290188 
1408,2106,168.50,0.244998 
1409,2110,169.50,0.269665 
1410,2112,169.99,0.253257 
1411,2111,169.75,0.245074 
1412,2112,169.99,0.249201 
1413,2105,168.26,0.245122 
1414,2109,169.25,0.273901 
1415,2110,169.50,0.257489 
1416,2109,169.25,0.253408 
1417,2122,172.47,0.257539 
1418,2111,169.75,0.204300 
1419,2111,169.75,0.249371 
1420,2112,169.99,0.249396 
1421,2111,169.75,0.245317 
1422,2111,169.75,0.249444 
1423,2111,169.75,0.249468 
1424,2109,169.25,0.249493 
1425,2110,169.50,0.257728 
1426,2107,168.75,0.253648 
1427,2113,170.24,0.265996 
1428,2112,169.99,0.241389 
1429,2107,168.75,0.245514 
1430,2105,168.26,0.266070 
1431,2096,166.01,0.274320 
1432,2107,168.75,0.311429 
1433,2128,173.95,0.266158 
1434,2106,168.50,0.180205 
1435,2108,169.00,0.270310 
1436,2102,167.51,0.262117 
1437,2107,168.75,0.286822 
1438,2102,167.51,0.266282 
1439,2101,167.26,0.286879 
1440,2095,165.76,0.291027 
1441,2109,169.25,0.315801 
1442,2103,167.76,0.258186 
1443,2105,168.26,0.282881 
1444,2106,168.50,0.274681 
1445,2102,167.51,0.270597 
1446,2100,167.01,0.287083 
1447,2105,168.26,0.295351 
1448,2105,168.26,0.274797 
1449,2102,167.51,0.274825 
1450,2100,167.01,0.287199 
1451,2102,167.51,0.295468 
1452,2112,169.99,0.287260 
1453,2106,168.50,0.246188 
1454,2101,167.26,0.270855 
1455,2110,169.50,0.291459 
1456,2102,167.51,0.254477 
1457,2106,168.50,0.287396 
1458,2105,168.26,0.270967 
1459,2103,167.76,0.275106 
1460,2105,168.26,0.283364 
1461,2102,167.51,0.275164 
1462,2109,169.25,0.287538 
1463,2128,173.95,0.258781 
1464,2106,168.50,0.181044 
1465,2107,168.75,0.271149 
1466,2109,169.25,0.267065 
1467,2109,169.25,0.258875 
1468,2115,170.74,0.258900 
1469,2109,169.25,0.234310 
1470,2107,168.75,0.258948 
1471,2107,168.75,0.267191 
1472,2112,169.99,0.267218 
1473,2109,169.25,0.246712 
1474,2107,168.75,0.259051 
1475,2108,169.00,0.267294 
1476,2110,169.50,0.263211 
1477,2107,168.75,0.255023 
1478,2109,169.25,0.267372 
1479,2112,169.99,0.259181 
1480,2112,169.99,0.246892 
1481,2110,169.50,0.246916 
1482,2111,169.75,0.255148 
1483,2112,169.99,0.251068 
1484,2109,169.25,0.246989 
1485,2112,169.99,0.259327 
1486,2112,169.99,0.247038 
1487,2108,169.00,0.247062 
1488,2065,158.24,0.263508 
1489,2111,169.75,0.441609 
1490,2109,169.25,0.251267 
1491,2107,168.75,0.259503 
1492,2105,168.26,0.267746 
1493,2105,168.26,0.275996 
1494,2110,169.50,0.276024 
1495,2104,168.01,0.255504 
1496,2108,169.00,0.280191 
1497,2105,168.26,0.263772 
1498,2100,167.01,0.276131 
1499,2102,167.51,0.296744 
1500,2103,167.76,0.288537 
1501,2101,167.26,0.284449 
1502,2102,167.51,0.292714 
1503,2098,166.51,0.288626 
1504,2102,167.51,0.305139 
1505,2109,169.25,0.288687 
1506,2096,166.01,0.259930 
1507,2109,169.25,0.313477 
1508,2109,169.25,0.259989 
1509,2107,168.75,0.260015 
1510,2109,169.25,0.268257 
1511,2110,169.50,0.260067 
1512,2112,169.99,0.255986 
1513,2110,169.50,0.247803 
1514,2108,169.00,0.256035 
1515,2109,169.25,0.264274 
1516,2111,169.75,0.260192 
1517,2109,169.25,0.252006 
1518,2112,169.99,0.260242 
1519,2107,168.75,0.247953 
1520,2103,167.76,0.268509 
1521,2112,169.99,0.284989 
1522,2100,167.01,0.248033 
1523,2106,168.50,0.297397 
1524,2107,168.75,0.272731 
1525,2101,167.26,0.268647 
1526,2101,167.26,0.293362 
1527,2096,166.01,0.293392 
1528,2104,168.01,0.314038 
1529,2102,167.51,0.281105 
1530,2105,168.26,0.289366 
1531,2109,169.25,0.277049 
1532,2103,167.76,0.260636 
1533,2105,168.26,0.285332 
1534,2106,168.50,0.277132 
1535,2103,167.76,0.273047 
1536,2107,168.75,0.285417 
1537,2107,168.75,0.268993 
1538,2108,169.00,0.269020 
1539,2100,167.01,0.264937 
1540,2102,167.51,0.297881 
1541,2112,169.99,0.289673 
1542,2107,168.75,0.248601 
1543,2110,169.50,0.269157 
1544,2110,169.50,0.256860 
1545,2110,169.50,0.256885 
1546,2106,168.50,0.256910 
1547,2100,167.01,0.273370 
1548,2113,170.24,0.298094 
1549,2098,166.51,0.244683 
1550,2104,168.01,0.306393 
1551,2103,167.76,0.281709 
1552,2098,166.51,0.285854 
1553,2100,167.01,0.306483 
1554,2102,167.51,0.298270 
1555,2101,167.26,0.290062 
1556,2109,169.25,0.294211 
1557,2097,166.26,0.261335 
1558,2096,166.01,0.310756 
1559,2105,168.26,0.314915 
1560,2108,169.00,0.277867 
1561,2103,167.76,0.265563 
1562,2109,169.25,0.286151 
1563,2101,167.26,0.261510 
1564,2105,168.26,0.294441 
1565,2107,168.75,0.278006 
1566,2106,168.50,0.269811 
1567,2054,155.45,0.273949 
1568,2105,168.26,0.489834 
1569,2103,167.76,0.278147 
1570,2110,169.50,0.286405 
1571,2107,168.75,0.257657 
1572,2103,167.76,0.270006 
1573,2109,169.25,0.286485 
1574,2107,168.75,0.261844 
1575,2107,168.75,0.270087 
1576,2107,168.75,0.270114 
1577,2106,168.50,0.270141 
1578,2107,168.75,0.274279 
1579,2110,169.50,0.270195 
1580,2102,167.51,0.257898 
1581,2110,169.50,0.290816 
1582,2110,169.50,0.257952 
1583,2106,168.50,0.257977 
1584,2114,170.49,0.274437 
1585,2103,167.76,0.241619 
1586,2108,169.00,0.286829 
1587,2109,169.25,0.266296 
1588,2108,169.00,0.262214 
1589,2104,168.01,0.266347 
1590,2105,168.26,0.282820 
1591,2108,169.00,0.278735 
1592,2100,167.01,0.266430 
1593,2103,167.76,0.299374 
1594,2112,169.99,0.287050 
1595,2111,169.75,0.250094 
1596,2111,169.75,0.254221 
1597,2109,169.25,0.254245 
1598,2110,169.50,0.262481 
1599,2102,167.51,0.258400 
1600,2111,169.75,0.291319 
1601,2108,169.00,0.254350 
1602,2108,169.00,0.266694 
1603,2102,167.51,0.266720 
1604,2103,167.76,0.291425 
1605,2103,167.76,0.287338 
1606,2106,168.50,0.287367 
1607,2103,167.76,0.275054 
1608,2108,169.00,0.287424 
1609,2112,169.99,0.266890 
1610,2107,168.75,0.250494 
1611,2107,168.75,0.271050 
1612,2106,168.50,0.271077 
1613,2103,167.76,0.275214 
1614,2102,167.51,0.287583 
1615,2110,169.50,0.291729 
1616,2109,169.25,0.258866 
1617,2098,166.51,0.262997 
1618,2104,168.01,0.308293 
1619,2103,167.76,0.283609 
1620,2099,166.76,0.287753 
1621,2110,169.50,0.304260 
1622,2102,167.51,0.259037 
1623,2133,175.18,0.291956 
1624,2106,168.50,0.165063 
1625,2107,168.75,0.275538 
1626,2108,169.00,0.271455 
1627,2105,168.26,0.267372 
1628,2109,169.25,0.279731 
1629,2107,168.75,0.263318 
1630,2107,168.75,0.271561 
1631,2106,168.50,0.271588 
1632,2109,169.25,0.275726 
1633,2108,169.00,0.263425 
1634,2108,169.00,0.267558 
1635,2109,169.25,0.267584 
1636,2109,169.25,0.263503 
1637,2106,168.50,0.263528 
1638,2106,168.50,0.275882 
1639,2112,169.99,0.275909 
1640,2106,168.50,0.251294 
1641,2105,168.26,0.275961 
1642,2104,168.01,0.280100 
1643,2100,167.01,0.284242 
1644,2097,166.26,0.300742 
1645,2105,168.26,0.313142 
1646,2099,166.76,0.280220 
1647,2103,167.76,0.304955 
1648,2099,166.76,0.288509 
1649,2108,169.00,0.305015 
1650,2086,163.51,0.268007 
1651,2102,167.51,0.358791 
1652,2105,168.26,0.292752 
1653,2109,169.25,0.280435 
1654,2094,165.51,0.264023 
1655,2106,168.50,0.325826 
1656,2111,169.75,0.276411 
1657,2107,168.75,0.255898 
1658,2108,169.00,0.272352 
1659,2108,169.00,0.268269 
1660,2108,169.00,0.268295 
1661,2114,170.49,0.268321 
1662,2109,169.25,0.243723 
1663,2102,167.51,0.264262 
1664,2107,168.75,0.293075 
1665,2108,169.00,0.272535 
1666,2106,168.50,0.268452 
1667,2099,166.76,0.276699 
1668,2103,167.76,0.305545 
1669,2110,169.50,0.289099 
1670,2106,168.50,0.260352 
1671,2107,168.75,0.276812 
1672,2112,169.99,0.272728 
1673,2110,169.50,0.252223 
1674,2111,169.75,0.260455 
1675,2112,169.99,0.256375 
1676,2110,169.50,0.252296 
1677,2097,166.26,0.260528 
1678,2110,169.50,0.314054 
1679,2111,169.75,0.260586 
1680,2114,170.49,0.256505 
1681,2112,169.99,0.244224 
1682,2112,169.99,0.252449 
1683,2125,173.21,0.252473 
1684,2114,170.49,0.199291 
1685,2112,169.99,0.244311 
1686,2112,169.99,0.252536 
1687,2111,169.75,0.252559 
1688,2105,168.26,0.256686 
1689,2112,169.99,0.281363 
1690,2100,167.01,0.252636 
1691,2108,169.00,0.302000 
1692,2101,167.26,0.269113 
1693,2106,168.50,0.297937 
1694,2080,162.01,0.277390 
1695,2109,169.25,0.384834 
1696,2108,169.00,0.265132 
1697,2103,167.76,0.269265 
1698,2102,167.51,0.289854 
1699,2103,167.76,0.294000 
1700,2102,167.51,0.289912 
1701,2105,168.26,0.294058 
1702,2100,167.01,0.281741 
1703,2107,168.75,0.302355 
1704,2103,167.76,0.273577 
1705,2102,167.51,0.290057 
1706,2099,166.76,0.294203 
1707,2106,168.50,0.306593 
1708,2103,167.76,0.277805 
1709,2099,166.76,0.290174 
1710,2105,168.26,0.306681 
1711,2109,169.25,0.282005 
1712,2106,168.50,0.265593 
1713,2101,167.26,0.277947 
1714,2106,168.50,0.298551 
1715,2115,170.74,0.278004 
1716,2107,168.75,0.241088 
1717,2099,166.76,0.273943 
1718,2106,168.50,0.306899 
1719,2099,166.76,0.278112 
1720,2105,168.26,0.306958 
1721,2102,167.51,0.282283 
1722,2103,167.76,0.294657 
1723,2101,167.26,0.290570 
1724,2103,167.76,0.298835 
1725,2101,167.26,0.290630 
1726,2100,167.01,0.298894 
1727,2103,167.76,0.303045 
1728,2102,167.51,0.290720 
1729,2102,167.51,0.294866 
1730,2103,167.76,0.294896 
1731,2097,166.26,0.290809 
1732,2103,167.76,0.315562 
1733,2099,166.76,0.290870 
1734,2098,166.51,0.307377 
1735,2100,167.01,0.311531 
1736,2096,166.01,0.303319 
1737,2096,166.01,0.319845 
1738,2080,162.01,0.319878 
1739,2101,167.26,0.386135 
1740,2103,167.76,0.299339 
1741,2098,166.51,0.291134 
1742,2099,166.76,0.311763 
1743,2100,167.01,0.307672 
1744,2094,165.51,0.303582 
1745,2096,166.01,0.328365 
1746,2102,167.51,0.320143 
1747,2098,166.51,0.295442 
1748,2096,166.01,0.311955 
1749,2096,166.01,0.320238 
1750,2090,164.51,0.320271 
1751,2096,166.01,0.345092 
1752,2096,166.01,0.320341 
1753,2098,166.51,0.320374 
1754,2094,165.51,0.312157 
1755,2096,166.01,0.328696 
1756,2096,166.01,0.320474 
1757,2103,167.76,0.320507 
1758,2105,168.26,0.291690 
1759,2103,167.76,0.283489 
1760,2096,166.01,0.291747 
1761,2096,166.01,0.320627 
1762,2102,167.51,0.320660 
1763,2105,168.26,0.295959 
1764,2102,167.51,0.283642 
1765,2099,166.76,0.296017 
1766,2098,166.51,0.308407 
1767,2097,166.26,0.312561 
1768,2101,167.26,0.316718 
1769,2102,167.51,0.300261 
1770,2099,166.76,0.296173 
1771,2097,166.26,0.308563 
1772,2095,165.76,0.316842 
1773,2099,166.76,0.325129 
1774,2093,165.26,0.308661 
1775,2096,166.01,0.333454 
1776,2096,166.01,0.321101 
1777,2096,166.01,0.321135 
1778,2095,165.76,0.321168 
1779,2096,166.01,0.325329 
1780,2094,165.51,0.321235 
1781,2093,165.26,0.329525 
1782,2089,164.26,0.333690 
1783,2094,165.51,0.350263 
1784,2092,165.01,0.329632 
1785,2096,166.01,0.337929 
1786,2099,166.76,0.321445 
1787,2122,172.47,0.309105 
1788,2091,164.76,0.214724 
1789,2096,166.01,0.342181 
1790,2094,165.51,0.321564 
1791,2096,166.01,0.329854 
1792,2096,166.01,0.321632 
1793,2096,166.01,0.321665 
1794,2096,166.01,0.321699 
1795,2093,165.26,0.321732 
1796,2096,166.01,0.334153 
1797,2098,166.51,0.321800 
1798,2098,166.51,0.313582 
1799,2094,165.51,0.313615 
1800,2096,166.01,0.330154 
1801,2097,166.26,0.321932 
1802,2096,166.01,0.317839 
1803,2096,166.01,0.321998 
1804,2089,164.26,0.322031 
1805,2094,165.51,0.350990 
1806,2096,166.01,0.330359 
1807,2094,165.51,0.322136 
1808,2096,166.01,0.330426 
1809,2096,166.01,0.322204 
1810,2095,165.76,0.322237 
1811,2090,164.51,0.326398 
1812,2079,161.76,0.347093 
1813,2096,166.01,0.392717 
1814,2096,166.01,0.322385 
1815,2095,165.76,0.322418 
1816,2094,165.51,0.326579 
1817,2094,165.51,0.330742 
1818,2077,161.26,0.330776 
1819,2092,165.01,0.401238 
1820,2093,165.26,0.339118 
1821,2096,166.01,0.335022 
1822,2096,166.01,0.322669 
1823,2091,164.76,0.322702 
1824,2084,163.01,0.343389 
1825,2099,166.76,0.372403 
1826,2097,166.26,0.310439 
1827,2098,166.51,0.318718 
1828,2096,166.01,0.314626 
1829,2096,166.01,0.322909 
1830,2096,166.01,0.322942 
1831,2096,166.01,0.322975 
1832,2096,166.01,0.323008 
1833,2097,166.26,0.323042 
1834,2098,166.51,0.318949 
1835,2102,167.51,0.314857 
1836,2096,166.01,0.298406 
1837,2096,166.01,0.323169 
1838,2096,166.01,0.323203 
1839,2098,166.51,0.323236 
1840,2101,167.26,0.315018 
1841,2097,166.26,0.302686 
1842,2096,166.01,0.319205 
1843,2097,166.26,0.323364 
1844,2085,163.26,0.319271 
1845,2096,166.01,0.368917 
1846,2096,166.01,0.323470 
1847,2094,165.51,0.323503 
1848,2095,165.76,0.331793 
1849,2095,165.76,0.327699 
1850,2096,166.01,0.327733 
1851,2096,166.01,0.323639 
1852,2094,165.51,0.323672 
1853,2096,166.01,0.331962 
1854,2095,165.76,0.323740 
1855,2095,165.76,0.327901 
1856,2096,166.01,0.327935 
1857,2096,166.01,0.323841 
1858,2091,164.76,0.323874 
1859,2092,165.01,0.344560 
1860,2101,167.26,0.340463 
1861,2091,164.76,0.303364 
1862,2096,166.01,0.344662 
1863,2094,165.51,0.324046 
1864,2090,164.51,0.332336 
1865,2096,166.01,0.348902 
1866,2085,163.26,0.324150 
1867,2095,165.76,0.369671 
1868,2094,165.51,0.328351 
1869,2092,165.01,0.332514 
1870,2096,166.01,0.340811 
1871,2108,169.00,0.324327 
1872,2096,166.01,0.274947 
1873,2093,165.26,0.324387 
1874,2097,166.26,0.336807 
1875,2101,167.26,0.320329 
1876,2096,166.01,0.303872 
1877,2095,165.76,0.324518 
1878,2091,164.76,0.328679 
1879,2096,166.01,0.345238 
1880,2092,165.01,0.324621 
1881,2095,165.76,0.341174 
1882,2097,166.26,0.328818 
1883,2093,165.26,0.320598 
1884,2094,165.51,0.337144 
1885,2096,166.01,0.333049 
1886,2092,165.01,0.324826 
1887,2097,166.26,0.341379 
1888,2096,166.01,0.320769 
1889,2097,166.26,0.324928 
1890,2100,167.01,0.320835 
1891,2102,167.51,0.308499 
1892,2099,166.76,0.300291 
1893,2097,166.26,0.312681 
1894,2096,166.01,0.320960 
1895,2098,166.51,0.325119 
1896,2119,171.73,0.316901 
1897,2098,166.51,0.230667 
1898,2098,166.51,0.316953 
1899,2098,166.51,0.316985 
1900,2058,156.47,0.317017 
1901,2098,166.51,0.483215 
1902,2099,166.76,0.317105 
1903,2096,166.01,0.313014 
1904,2091,164.76,0.325419 
1905,2096,166.01,0.346106 
1906,2096,166.01,0.325489 
1907,2096,166.01,0.325522 
1908,2098,166.51,0.325555 
1909,2098,166.51,0.317338 
1910,2095,165.76,0.317370 
1911,2096,166.01,0.329781 
1912,2094,165.51,0.325687 
1913,2097,166.26,0.333977 
1914,2090,164.51,0.321628 
1915,2096,166.01,0.350575 
1916,2096,166.01,0.325824 
1917,2096,166.01,0.325857 
1918,2096,166.01,0.325890 
1919,2096,166.01,0.325924 
1920,2098,166.51,0.325957 
1921,2096,166.01,0.317739 
1922,2091,164.76,0.326022 
1923,2096,166.01,0.346709 
1924,2094,165.51,0.326092 
1925,2096,166.01,0.334382 
1926,2103,167.76,0.326160 
1927,2095,165.76,0.297342 
1928,2096,166.01,0.330350 
1929,2096,166.01,0.326256 
1930,2098,166.51,0.326289 
1931,2096,166.01,0.318071 
1932,2097,166.26,0.326354 
1933,2096,166.01,0.322261 
1934,2097,166.26,0.326420 
1935,2095,165.76,0.322327 
1936,2066,158.49,0.330614 
1937,2098,166.51,0.451008 
1938,2102,167.51,0.318320 
1939,2097,166.26,0.301869 
1940,2100,167.01,0.322507 
1941,2096,166.01,0.310171 
1942,2098,166.51,0.326697 
1943,2097,166.26,0.318479 
1944,2095,165.76,0.322636 
1945,2096,166.01,0.330922 
1946,2098,166.51,0.326829 
1947,2096,166.01,0.318611 
1948,2096,166.01,0.326894 
1949,2086,163.51,0.326927 
1950,2093,165.26,0.368305 
1951,2096,166.01,0.339387 
1952,2099,166.76,0.327035 
1953,2096,166.01,0.314694 
1954,2096,166.01,0.327099 
1955,2098,166.51,0.327133 
1956,2096,166.01,0.318915 
1957,2096,166.01,0.327198 
1958,2096,166.01,0.327231 
1959,2096,166.01,0.327265 
1960,2097,166.26,0.327298 
1961,2096,166.01,0.323205 
1962,2098,166.51,0.327364 
1963,2099,166.76,0.319146 
1964,2096,166.01,0.315055 
1965,2107,168.75,0.327461 
1966,2102,167.51,0.282190 
1967,2103,167.76,0.302787 
1968,2101,167.26,0.298699 
1969,2113,170.24,0.306964 
1970,2103,167.76,0.257672 
1971,2103,167.76,0.298782 
1972,2095,165.76,0.298811 
1973,2096,166.01,0.331819 
1974,2102,167.51,0.327725 
1975,2096,166.01,0.303024 
1976,2103,167.76,0.327788 
1977,2097,166.26,0.298970 
1978,2101,167.26,0.323724 
1979,2093,165.26,0.307268 
1980,2098,166.51,0.340301 
1981,2099,166.76,0.319698 
1982,2098,166.51,0.315607 
1983,2099,166.76,0.319761 
1984,2095,165.76,0.315670 
1985,2102,167.51,0.332203 
1986,2101,167.26,0.303375 
1987,2099,166.76,0.307524 
1988,2096,166.01,0.315796 
1989,2099,166.76,0.328201 
1990,2101,167.26,0.315860 
1991,2101,167.26,0.307650 
1992,2091,164.76,0.307681 
1993,2096,166.01,0.348979 
1994,2100,167.01,0.328363 
1995,2099,166.76,0.311901 
1996,2112,169.99,0.316053 
1997,2098,166.51,0.262622 
1998,2096,166.01,0.320231 
1999,2098,166.51,0.328514 
2000,2098,166.51,0.320296 
2001,2096,166.01,0.320329 
2002,2096,166.01,0.328612 
2003,2096,166.01,0.328645 
2004,2096,166.01,0.328678 
2005,2096,166.01,0.328711 
2006,2096,166.01,0.328745 
2007,2102,167.51,0.328778 
2008,2095,165.76,0.304077 
2009,2096,166.01,0.332969 
2010,2099,166.76,0.328875 
2011,2097,166.26,0.316534 
2012,2096,166.01,0.324813 
2013,2099,166.76,0.328972 
2014,2098,166.51,0.316632 
2015,2098,166.51,0.320786 
2016,2115,170.74,0.320818 
2017,2097,166.26,0.250964 
2018,2101,167.26,0.324997 
2019,2112,169.99,0.308540 
2020,2097,166.26,0.263350 
2021,2098,166.51,0.325084 
2022,2106,168.50,0.320992 
2023,2096,166.01,0.288082 
2024,2107,168.75,0.329302 
2025,2112,169.99,0.284031 
2026,2098,166.51,0.263526 
2027,2106,168.50,0.321135 
2028,2102,167.51,0.288225 
2029,2094,165.51,0.304711 
2030,2098,166.51,0.337732 
2031,2099,166.76,0.321258 
2032,2098,166.51,0.317168 
2033,2096,166.01,0.321322 
2034,2100,167.01,0.329605 
2035,2096,166.01,0.313143 
2036,2096,166.01,0.329669 
2037,2097,166.26,0.329702 
2038,2256,204.76,0.325610 
2039,2099,166.76,-0.311130 
2040,2097,166.26,0.317336 
2041,2095,165.76,0.325615 
2042,2093,165.26,0.333901 
2043,2097,166.26,0.342195 
2044,2098,166.51,0.325716 
2045,2092,165.01,0.321624 
2046,2107,168.75,0.346427 
2047,2096,166.01,0.284639 
2048,2096,166.01,0.329970 
2049,2097,166.26,0.330003 
2050,2096,166.01,0.325910 
2051,2097,166.26,0.330069 
2052,2097,166.26,0.325976 
2053,2097,166.26,0.326009 
2054,2096,166.01,0.326041 
2055,2103,167.76,0.330200 
2056,2096,166.01,0.301383 
2057,2096,166.01,0.330263 
2058,2097,166.26,0.330296 
2059,2096,166.01,0.326203 
2060,2099,166.76,0.330362 
2061,2102,167.51,0.318021 
2062,2099,166.76,0.305693 
2063,2096,166.01,0.318082 
2064,2114,170.49,0.330488 
2065,2098,166.51,0.256483 
2066,2098,166.51,0.322293 
2067,2103,167.76,0.322325 
2068,2097,166.26,0.301757 
2069,2106,168.50,0.326511 
2070,2097,166.26,0.289477 
2071,2098,166.51,0.326571 
2072,2103,167.76,0.322479 
2073,2099,166.76,0.301911 
2074,2101,167.26,0.318417 
2075,2103,167.76,0.310207 
2076,2106,168.50,0.302002 
2077,2102,167.51,0.289689 
2078,2106,168.50,0.306175 
2079,2102,167.51,0.289746 
2080,2106,168.50,0.306232 
2081,2106,168.50,0.289803 
2082,2112,169.99,0.289830 
2083,2109,169.25,0.265215 
2084,2121,172.22,0.277553 
2085,2103,167.76,0.228402 
2086,2101,167.26,0.302267 
2087,2099,166.76,0.310532 
2088,2102,167.51,0.318804 
2089,2099,166.76,0.306475 
2090,2101,167.26,0.318865 
2091,2101,167.26,0.310655 
2092,2102,167.51,0.310685 
2093,2101,167.26,0.306597 
2094,2102,167.51,0.310745 
2095,2103,167.76,0.306657 
2096,2102,167.51,0.302570 
2097,2098,166.51,0.306716 
2098,2102,167.51,0.323229 
2099,2098,166.51,0.306778 
2100,2099,166.76,0.323291 
2101,2102,167.51,0.319200 
2102,2102,167.51,0.306871 
2103,2099,166.76,0.306901 
2104,2098,166.51,0.319291 
2105,2097,166.26,0.323445 
2106,2096,166.01,0.327602 
2107,2096,166.01,0.331761 
2108,2099,166.76,0.331794 
2109,2099,166.76,0.319453 
2110,2093,165.26,0.319485 
2111,2098,166.51,0.344278 
2112,2099,166.76,0.323674 
2113,2097,166.26,0.319583 
2114,2096,166.01,0.327863 
2115,2098,166.51,0.332021 
2116,2096,166.01,0.323804 
2117,2096,166.01,0.332087 
2118,2099,166.76,0.332120 
2119,2098,166.51,0.319780 
2120,2096,166.01,0.323934 
2121,2102,167.51,0.332217 
2122,2102,167.51,0.307516 
2123,2102,167.51,0.307546 
2124,2102,167.51,0.307576 
2125,2105,168.26,0.307605 
2126,2102,167.51,0.295288 
2127,2103,167.76,0.307663 
2128,2108,169.00,0.303576 
2129,2107,168.75,0.283042 
2130,2102,167.51,0.287178 
2131,2110,169.50,0.307775 
2132,2101,167.26,0.274911 
2133,2102,167.51,0.311948 
2134,2094,165.51,0.307860 
2135,2102,167.51,0.340880 
2136,2102,167.51,0.307924 
2137,2103,167.76,0.307954 
2138,2107,168.75,0.303866 
2139,2101,167.26,0.287443 
2140,2104,168.01,0.312158 
2141,2112,169.99,0.299837 
2142,2105,168.26,0.266996 
2143,2101,167.26,0.295775 
2144,2108,169.00,0.312268 
2145,2107,168.75,0.283501 
2146,2103,167.76,0.287636 
2147,2099,166.76,0.304116 
2148,2103,167.76,0.320622 
2149,2101,167.26,0.304177 
2150,2101,167.26,0.312441 
2151,2105,168.26,0.312472 
2152,2102,167.51,0.296037 
2153,2102,167.51,0.308411 
2154,2099,166.76,0.308441 
2155,2101,167.26,0.320831 
2156,2098,166.51,0.312621 
2157,2098,166.51,0.325015 
2158,2102,167.51,0.325048 
2159,2099,166.76,0.308597 
2160,2098,166.51,0.320986 
2161,2097,166.26,0.325141 
2162,2154,180.33,0.329298 
2163,2101,167.26,0.096648 
2164,2095,165.76,0.312840 
2165,2099,166.76,0.337614 
2166,2100,167.01,0.321146 
2167,2096,166.01,0.317056 
2168,2100,167.01,0.333582 
2169,2100,167.01,0.317120 
2170,2102,167.51,0.317151 
2171,2099,166.76,0.308943 
2172,2098,166.51,0.321333 
2173,2096,166.01,0.325488 
2174,2097,166.26,0.333771 
2175,2101,167.26,0.329678 
2176,2099,166.76,0.313221 
2177,2096,166.01,0.321493 
2178,2098,166.51,0.333898 
2179,2098,166.51,0.325681 
2180,2098,166.51,0.325713 
2181,2096,166.01,0.325745 
2182,2096,166.01,0.334028 
2183,2098,166.51,0.334061 
2184,2096,166.01,0.325843 
2185,2095,165.76,0.334126 
2186,2103,167.76,0.338287 
2187,2098,166.51,0.305343 
2188,2095,165.76,0.325972 
2189,2096,166.01,0.338383 
2190,2095,165.76,0.334289 
2191,2104,168.01,0.338450 
2192,2097,166.26,0.301389 
2193,2096,166.01,0.330258 
2194,2094,165.51,0.334417 
2195,2098,166.51,0.342707 
2196,2087,163.76,0.326234 
2197,2098,166.51,0.371720 
2198,2101,167.26,0.326304 
2199,2096,166.01,0.313972 
2200,2066,158.49,0.334618 
2201,2098,166.51,0.459139 
2202,2096,166.01,0.326451 
2203,2100,167.01,0.334734 
2204,2083,162.76,0.318272 
2205,2097,166.26,0.388576 
2206,2105,168.26,0.330713 
2207,2098,166.51,0.297791 
2208,2101,167.26,0.326649 
2209,2102,167.51,0.314317 
2210,2098,166.51,0.310228 
2211,2097,166.26,0.326741 
2212,2097,166.26,0.330898 
2213,2093,165.26,0.330931 
2214,2100,167.01,0.347477 
2215,2096,166.01,0.318629 
2216,2103,167.76,0.335156 
2217,2107,168.75,0.306338 
2218,2103,167.76,0.289914 
2219,2107,168.75,0.306394 
2220,2103,167.76,0.289970 
2221,2102,167.51,0.306450 
2222,2098,166.51,0.310596 
2223,2101,167.26,0.327108 
2224,2102,167.51,0.314776 
2225,2100,167.01,0.310688 
2226,2099,166.76,0.318956 
2227,2116,170.98,0.323108 
2228,2105,168.26,0.253280 
2229,2101,167.26,0.298455 
2230,2101,167.26,0.314948 
2231,2100,167.01,0.314978 
2232,2102,167.51,0.319129 
2233,2099,166.76,0.310921 
2234,2100,167.01,0.323311 
2235,2098,166.51,0.319221 
2236,2097,166.26,0.327496 
2237,2099,166.76,0.331653 
2238,2099,166.76,0.323438 
2239,2106,168.50,0.323469 
2240,2099,166.76,0.294682 
2241,2098,166.51,0.323528 
2242,2106,168.50,0.327682 
2243,2098,166.51,0.294773 
2244,2096,166.01,0.327742 
2245,2099,166.76,0.336025 
2246,2096,166.01,0.323684 
2247,2099,166.76,0.336090 
2248,2097,166.26,0.323749 
2249,2097,166.26,0.332028 
2250,2098,166.51,0.332061 
2251,2105,168.26,0.327969 
2252,2082,162.51,0.299171 
2253,2101,167.26,0.394204 
2254,2098,166.51,0.315706 
2255,2101,167.26,0.328101 
2256,2099,166.76,0.315768 
2257,2103,167.76,0.324040 
2258,2091,164.76,0.307595 
2259,2102,167.51,0.357128 
2260,2101,167.26,0.311777 
2261,2102,167.51,0.315925 
2262,2102,167.51,0.311837 
2263,2113,170.24,0.311867 
2264,2106,168.50,0.266693 
2265,2100,167.01,0.295461 
2266,2099,166.76,0.320186 
2267,2111,169.75,0.324338 
2268,2107,168.75,0.275011 
2269,2099,166.76,0.291464 
2270,2106,168.50,0.324421 
2271,2102,167.51,0.295633 
2272,2102,167.51,0.312119 
2273,2098,166.51,0.312149 
2274,2100,167.01,0.328662 
2275,2096,166.01,0.320449 
2276,2102,167.51,0.336976 
2277,2103,167.76,0.312275 
2278,2098,166.51,0.308188 
2279,2102,167.51,0.328817 
2280,2096,166.01,0.312366 
2281,2098,166.51,0.337129 
2282,2096,166.01,0.328912 
2283,2098,166.51,0.337195 
2284,2077,161.26,0.328977 
2285,2099,166.76,0.415944 
2286,2099,166.76,0.324931 
2287,2099,166.76,0.324962 
2288,2101,167.26,0.324994 
2289,2097,166.26,0.316784 
2290,2099,166.76,0.333303 
2291,2101,167.26,0.325088 
2292,2101,167.26,0.316878 
2293,2099,166.76,0.316909 
2294,2100,167.01,0.325180 
2295,2098,166.51,0.321091 
2296,2101,167.26,0.329366 
2297,2097,166.26,0.317033 
2298,2100,167.01,0.333553 
2299,2099,166.76,0.321216 
ets Jul 29 2019 12:21:46

rst:0x1 (POWERON_RESET),boot:0x12 (SPI_FAST_FLASH_BOOT)
configsip: 0, SPIWP:0xee
clk_drv:0x00,q_drv:0x00,d_drv:0x00,cs0_drv:0x00,hd_drv:0x00,wp_drv:0x00
mode:DIO, clock div:2
load:0x3fff0040,len:6272
load:0x40078000,len:15848
load:0x40080400,len:3920
entry 0x40080644
I (27) boot: ESP-IDF v6.0 2nd stage bootloader
I (27) boot: compile time Apr 23 2026 08:09:33
I (28) boot: Multicore bootloader
I (29) boot: chip revision: v3.1
I (31) boot.esp32: SPI Speed      : 40MHz
I (35) boot.esp32: SPI Mode       : DIO
I (39) boot.esp32: SPI Flash Size : 2MB
I (42) boot: Enabling RNG early entropy source...
I (47) boot: Partition Table:
I (49) boot: ## Label            Usage          Type ST Offset   Length
I (56) boot:  0 nvs              WiFi data        01 02 00009000 00006000
I (62) boot:  1 phy_init         RF data          01 01 0000f000 00001000
I (69) boot:  2 factory          factory app      00 00 00010000 00100000
I (75) boot: End of partition table
I (79) esp_image: segment 0: paddr=00010020 vaddr=3f400020 size=09658h ( 38488) map
I (100) esp_image: segment 1: paddr=00019680 vaddr=3ffb0000 size=02a2ch ( 10796) load
I (104) esp_image: segment 2: paddr=0001c0b4 vaddr=40080000 size=03f64h ( 16228) load
I (111) esp_image: segment 3: paddr=00020020 vaddr=400d0020 size=0f64ch ( 63052) map
I (134) esp_image: segment 4: paddr=0002f674 vaddr=40083f64 size=06e18h ( 28184) load
I (146) esp_image: segment 5: paddr=00036494 vaddr=50000000 size=00028h (    40) load
I (151) boot: Loaded app from partition at offset 0x10000
I (152) boot: Disabling RNG early entropy source...
I (164) cpu_start: Multicore app
I (172) cpu_start: GPIO 3 and 1 are used as console UART I/O pins
I (172) cpu_start: Pro cpu start user code
I (172) cpu_start: cpu freq: 160000000 Hz
I (174) app_init: Application information:
I (178) app_init: Project name:     app-template
I (182) app_init: App version:      1
I (186) app_init: Compile time:     Apr 23 2026 08:07:59
I (191) app_init: ELF file SHA256:  b2211b4d9...
I (195) app_init: ESP-IDF:          v6.0
I (199) efuse_init: Min chip rev:     v0.0
I (202) efuse_init: Max chip rev:     v3.99 
I (206) efuse_init: Chip rev:         v3.1
I (211) heap_init: Initializing. RAM available for dynamic allocation:
I (217) heap_init: At 3FFAE6E0 len 00001920 (6 KiB): DRAM
I (222) heap_init: At 3FFB3410 len 0002CBF0 (178 KiB): DRAM
I (227) heap_init: At 3FFE0440 len 00003AE0 (14 KiB): D/IRAM
I (232) heap_init: At 3FFE4350 len 0001BCB0 (111 KiB): D/IRAM
I (238) heap_init: At 4008AD7C len 00015284 (84 KiB): IRAM
I (245) spi_flash: detected chip: generic
I (247) spi_flash: flash io: dio
W (250) spi_flash: Detected size(4096k) larger than the size in the binary image header(2048k). Using the size in the binary image header.
I (263) main_task: Started on CPU0
I (273) main_task: Calling app_main()
1,2112,169.99,0.000000 
2,2151,179.60,0.165521 
3,2101,167.26,0.006695 
4,2106,168.50,0.210766 
5,2102,167.51,0.190219 
6,2098,166.51,0.206705 
7,2102,167.51,0.223218 
8,2101,167.26,0.206767 
9,2105,168.26,0.210915 
10,2111,169.75,0.194480 
11,2105,168.26,0.169856 
12,2098,166.51,0.194532 
13,2103,167.76,0.223390 
14,2100,167.01,0.202822 
15,2105,168.26,0.215207 
16,2101,167.26,0.194652 
17,2098,166.51,0.211146 
18,2106,168.50,0.223540 
19,2100,167.01,0.190631 
20,2083,162.76,0.215356 
21,2101,167.26,0.285659 
22,2096,166.01,0.211307 
23,2096,166.01,0.231953 
24,2101,167.26,0.231986 
25,2097,166.26,0.211404 
26,2096,166.01,0.227924 
27,2096,166.01,0.232082 
28,2099,166.76,0.232116 
29,2096,166.01,0.219775 
30,2099,166.76,0.232181 
31,2094,165.51,0.219840 
32,2098,166.51,0.240502 
33,2096,166.01,0.224029 
34,2096,166.01,0.232312 
35,2097,166.26,0.232345 
36,2091,164.76,0.228252 
37,2096,166.01,0.253064 
38,2092,165.01,0.232447 
39,2099,166.76,0.249000 
40,2090,164.51,0.220142 
41,2081,162.26,0.257336 
42,2093,165.26,0.294658 
43,2096,166.01,0.245014 
44,2090,164.51,0.232662 
45,2093,165.26,0.257483 
46,2086,163.51,0.245119 
47,2090,164.51,0.274111 
48,2090,164.51,0.257594 
49,2090,164.51,0.257631 
50,2086,163.51,0.257668 
51,2091,164.76,0.274261 
52,2087,163.76,0.253609 
53,2085,163.26,0.270195 
54,2085,163.26,0.278518 
55,2087,163.76,0.278557 
56,2087,163.76,0.270314 
57,2083,162.76,0.270352 
58,2087,163.76,0.286965 
59,2087,163.76,0.270432 
60,2082,162.51,0.270470 
61,2087,163.76,0.291230 
62,2085,163.26,0.270551 
63,2083,162.76,0.278873 
64,2086,163.51,0.287203 
65,2086,163.51,0.274811 
66,2087,163.76,0.274850 
67,2099,166.76,0.270748 
68,2099,166.76,0.221210 
69,2087,163.76,0.221241 
70,2087,163.76,0.270850 
71,2089,164.26,0.270889 
72,2088,164.01,0.262649 
73,2081,162.26,0.266825 
74,2090,164.51,0.295873 
75,2082,162.51,0.258630 
76,2080,162.01,0.291803 
77,2087,163.76,0.300144 
78,2086,163.51,0.271166 
79,2083,162.76,0.275346 
80,2080,162.01,0.287818 
81,2083,162.76,0.300305 
82,2080,162.01,0.287902 
83,2078,161.51,0.300389 
84,2079,161.76,0.308737 
85,2075,160.75,0.304628 
86,2079,161.76,0.321294 
7,2077,161.26,0.304717 
88,2075,160.75,0.313069 
89,2074,160.50,0.321428 
90,2076,161.01,0.325633 
91,2075,160.75,0.317362 
92,2073,160.25,0.321565 
93,2073,160.25,0.329931 
94,2074,160.50,0.329978 
95,2067,158.74,0.325864 
96,2074,160.50,0.355069 
97,2075,160.75,0.325961 
98,2077,161.26,0.321848 
99,2077,161.26,0.313579 
100,2080,162.01,0.313624 
101,2079,161.76,0.301208 
102,2080,162.01,0.305403 
103,2078,161.51,0.301295 
104,2078,161.51,0.309643 
105,2080,162.01,0.309687 
106,2078,161.51,0.301425 
107,2080,162.01,0.309773 
108,2075,160.75,0.301512 
109,2070,159.50,0.322329 
110,2075,160.75,0.343188 
111,2066,158.49,0.322424 
112,2071,159.75,0.359959 
113,2069,159.24,0.339168 
114,2096,166.01,0.347548 
115,2069,159.24,0.235620 
116,2066,158.49,0.347631 
117,2074,160.50,0.360191 
118,2071,159.75,0.326912 
119,2074,160.50,0.339446 
120,2068,158.99,0.327006 
121,2070,159.50,0.352041 
122,2070,159.50,0.343756 
123,2064,157.98,0.343804 
124,2065,158.24,0.368878 
125,2068,158.99,0.364756 
126,2077,161.26,0.352293 
127,2066,158.49,0.314880 
128,2071,159.75,0.360729 
129,2066,158.49,0.339937 
130,2064,157.98,0.360828 
131,2064,157.98,0.369227 
132,2064,157.98,0.369280 
133,2068,158.99,0.369332 
134,2064,157.98,0.352695 
135,2062,157.48,0.369434 
136,2067,158.74,0.377840 
137,2064,157.98,0.357021 
138,2064,157.98,0.369591 
139,2064,157.98,0.369643 
140,2062,157.48,0.369695 
141,2064,157.98,0.378102 
142,2063,157.73,0.369801 
143,2062,157.48,0.374030 
144,2054,155.45,0.378261 
145,2058,156.47,0.411790 
146,2061,157.23,0.395098 
147,2062,157.48,0.382607 
148,2055,155.71,0.378483 
149,2060,156.97,0.407822 
150,2061,157.23,0.386954 
151,2060,156.97,0.382828 
152,2057,156.21,0.387063 
153,2063,157.73,0.399668 
ets Jul 29 2019 12:21:46

rst:0x1 (POWERON_RESET),boot:0x12 (SPI_FAST_FLASH_BOOT)
configsip: 0, SPIWP:0xee
clk_drv:0x00,q_drv:0x00,d_drv:0x00,cs0_drv:0x00,hd_drv:0x00,wp_drv:0x00
mode:DIO, clock div:2
load:0x3fff0040,len:6272
load:0x40078000,len:15848
load:0x40080400,len:3920
entry 0x40080644
I (27) boot: ESP-IDF v6.0 2nd stage bootloader
I (27) boot: compile time Apr 23 2026 08:09:33
I (28) boot: Multicore bootloader
I (29) boot: chip revision: v3.1
I (31) boot.esp32: SPI Speed      : 40MHz
I (35) boot.esp32: SPI Mode       : DIO
I (39) boot.esp32: SPI Flash Size : 2MB
I (42) boot: Enabling RNG early entropy source...
I (47) boot: Partition Table:
I (49) boot: ## Label            Usage          Type ST Offset   Length
I (56) boot:  0 nvs              WiFi data        01 02 00009000 00006000
I (62) boot:  1 phy_init         RF data          01 01 0000f000 00001000
I (69) boot:  2 factory          factory app      00 00 00010000 00100000
I (75) boot: End of partition table
I (79) esp_image: segment 0: paddr=00010020 vaddr=3f400020 size=09668h ( 38504) map
I (100) esp_image: segment 1: paddr=00019690 vaddr=3ffb0000 size=02a2ch ( 10796) load
I (104) esp_image: segment 2: paddr=0001c0c4 vaddr=40080000 size=03f54h ( 16212) load
I (111) esp_image: segment 3: paddr=00020020 vaddr=400d0020 size=0f664h ( 63076) map
I (134) esp_image: segment 4: paddr=0002f68c vaddr=40083f54 size=06e28h ( 28200) load
I (146) esp_image: segment 5: paddr=000364bc vaddr=50000000 size=00028h (    40) load
I (152) boot: Loaded app from partition at offset 0x10000
I (152) boot: Disabling RNG early entropy source...
I (164) cpu_start: Multicore app
I (172) cpu_start: GPIO 3 and 1 are used as console UART I/O pins
I (172) cpu_start: Pro cpu start user code
I (172) cpu_start: cpu freq: 160000000 Hz
I (174) app_init: Application information:
I (178) app_init: Project name:     app-template
I (182) app_init: App version:      1
I (186) app_init: Compile time:     Apr 23 2026 08:07:59
I (191) app_init: ELF file SHA256:  f2e5951a3...
I (195) app_init: ESP-IDF:          v6.0
I (199) efuse_init: Min chip rev:     v0.0
I (202) efuse_init: Max chip rev:     v3.99 
I (206) efuse_init: Chip rev:         v3.1
I (210) heap_init: Initializing. RAM available for dynamic allocation:
I (217) heap_init: At 3FFAE6E0 len 00001920 (6 KiB): DRAM
I (222) heap_init: At 3FFB3410 len 0002CBF0 (178 KiB): DRAM
I (227) heap_init: At 3FFE0440 len 00003AE0 (14 KiB): D/IRAM
I (232) heap_init: At 3FFE4350 len 0001BCB0 (111 KiB): D/IRAM
I (238) heap_init: At 4008AD7C len 00015284 (84 KiB): IRAM
I (244) spi_flash: detected chip: generic
I (247) spi_flash: flash io: dio
W (250) spi_flash: Detected size(4096k) larger than the size in the binary image header(2048k). Using the size in the binary image header.
I (263) main_task: Started on CPU0
I (273) main_task: Calling app_main()
1,1638,42.14,0.000000 
2,1636,41.55,2.280420 
3,1638,42.14,2.290393 
4,1638,42.14,2.281077 
5,1637,41.85,2.281405 
6,1639,42.43,2.286555 
ets Jul 29 2019 12:21:46

rst:0x1 (POWERON_RESET),boot:0x12 (SPI_FAST_FLASH_BOOT)
configsip: 0, SPIWP:0xee
clk_drv:0x00,q_drv:0x00,d_drv:0x00,cs0_drv:0x00,hd_drv:0x00,wp_drv:0x00
mode:DIO, clock div:2
load:0x3fff0040,len:6272
load:0x40078000,len:15848
load:0x40080400,len:3920
entry 0x40080644
I (27) boot: ESP-IDF v6.0 2nd stage bootloader
I (27) boot: compile time Apr 23 2026 08:09:33
I (28) boot: Multicore bootloader
I (29) boot: chip revision: v3.1
I (31) boot.esp32: SPI Speed      : 40MHz
I (35) boot.esp32: SPI Mode       : DIO
I (39) boot.esp32: SPI Flash Size : 2MB
I (42) boot: Enabling RNG early entropy source...
I (47) boot: Partition Table:
I (49) boot: ## Label            Usage          Type ST Offset   Length
I (56) boot:  0 nvs              WiFi data        01 02 00009000 00006000
I (62) boot:  1 phy_init         RF data          01 01 0000f000 00001000
I (69) boot:  2 factory          factory app      00 00 00010000 00100000
I (75) boot: End of partition table
I (79) esp_image: segment 0: paddr=00010020 vaddr=3f400020 size=09668h ( 38504) map
I (100) esp_image: segment 1: paddr=00019690 vaddr=3ffb0000 size=02a2ch ( 10796) load
I (104) esp_image: segment 2: paddr=0001c0c4 vaddr=40080000 size=03f54h ( 16212) load
I (111) esp_image: segment 3: paddr=00020020 vaddr=400d0020 size=0f664h ( 63076) map
I (134) esp_image: segment 4: paddr=0002f68c vaddr=40083f54 size=06e28h ( 28200) load
I (146) esp_image: segment 5: paddr=000364bc vaddr=50000000 size=00028h (    40) load
I (152) boot: Loaded app from partition at offset 0x10000
I (152) boot: Disabling RNG early entropy source...
I (164) cpu_start: Multicore app
I (172) cpu_start: GPIO 3 and 1 are used as console UART I/O pins
I (172) cpu_start: Pro cpu start user code
I (172) cpu_start: cpu freq: 160000000 Hz
I (174) app_init: Application information:
I (178) app_init: Project name:     app-template
I (182) app_init: App version:      1
I (186) app_init: Compile time:     Apr 23 2026 08:07:59
I (191) app_init: ELF file SHA256:  f2e5951a3...
I (195) app_init: ESP-IDF:          v6.0
I (199) efuse_init: Min chip rev:     v0.0
I (202) efuse_init: Max chip rev:     v3.99 
I (206) efuse_init: Chip rev:         v3.1
I (210) heap_init: Initializing. RAM available for dynamic allocation:
I (217) heap_init: At 3FFAE6E0 len 00001920 (6 KiB): DRAM
I (222) heap_init: At 3FFB3410 len 0002CBF0 (178 KiB): DRAM
I (227) heap_init: At 3FFE0440 len 00003AE0 (14 KiB): D/IRAM
I (232) heap_init: At 3FFE4350 len 0001BCB0 (111 KiB): D/IRAM
I (238) heap_init: At 4008AD7C len 00015284 (84 KiB): IRAM
I (244) spi_flash: detected chip: generic
I (247) spi_flash: flash io: dio
W (250) spi_flash: Detected size(4096k) larger than the size in the binary image header(2048k). Using the size in the binary image header.
I (263) main_task: Started on CPU0
I (273) main_task: Calling app_main()
1,1638,42.14,0.000000 
2,1642,43.30,2.280420 
3,1639,42.43,2.261476 
4,1616,35.70,2.276253 
5,1644,43.88,2.387829 
6,1636,41.55,2.252844 
Forno LIGADO: a=0.00 [°C / min]
Forno LIGADO: a=0.00 [°C / min]
Forno LIGADO: a=0.00 [°C / min]
Forno LIGADO: a=0.00 [°C / min]
Forno LIGADO: a=0.00 [°C / min]
Forno LIGADO: a=0.00 [°C / min]
Forno LIGADO: a=0.00 [°C / min]
Forno LIGADO: a=0.00 [°C / min]
Forno LIGADO: a=0.00 [°C / min]
Forno LIGADO: a=0.00 [°C / min]
7,1637,41.85,2.291712 
8,1642,43.30,2.287218 
9,1643,43.59,2.263453 
10,1646,44.47,2.258964 
11,1642,43.30,2.244855 
12,1639,42.43,2.264425 
13,1642,43.30,2.279202 
14,1641,43.01,2.265077 
15,1640,42.72,2.270218 
16,1629,39.51,2.275361 
17,1645,44.17,2.328777 
18,1648,45.05,2.251951 
19,1647,44.76,2.237849 
20,1645,44.17,2.242977 
21,1639,42.43,2.252916 
22,1639,42.43,2.282129 
23,1638,42.14,2.282456 
24,1641,43.01,2.287604 
25,1642,43.30,2.273475 
26,1641,43.01,2.268986 
27,1637,41.85,2.274127 
28,1647,44.76,2.293730 
29,1647,44.76,2.245909 
30,1644,43.88,2.246231 
31,1648,45.05,2.260982 
32,1644,43.88,2.242070 
33,1646,44.47,2.261626 
34,1646,44.47,2.252329 
35,1645,44.17,2.252652 
36,1647,44.76,2.257784 
37,1648,45.05,2.248489 
38,1648,45.05,2.244004 
39,1648,45.05,2.244325 
40,1648,45.05,2.244646 
41,1650,45.63,2.244967 
42,1648,45.05,2.235679 
43,1648,45.05,2.245608 
44,1648,45.05,2.245929 
45,1648,45.05,2.246250 
46,1649,45.34,2.246571 
47,1650,45.63,2.242086 
48,1650,45.63,2.237603 
49,1648,45.05,2.237923 
50,1650,45.63,2.247851 
51,1650,45.63,2.238563 
52,1651,45.92,2.238883 
53,1646,44.47,2.234400 
54,1654,46.79,2.258745 
55,1651,45.92,2.220644 
56,1654,46.79,2.235358 
57,1643,43.59,2.221280 
58,1654,46.79,2.274453 
59,1648,45.05,2.221921 
60,1663,49.39,2.251046 
61,1649,45.34,2.179450 
62,1651,45.92,2.246873 
63,1654,46.79,2.237587 
64,1649,45.34,2.223509 
65,1646,44.47,2.247829 
66,1653,46.50,2.262569 
67,1649,45.34,2.229266 
68,1651,45.92,2.248789 
69,1653,46.50,2.239504 
70,1649,45.34,2.230223 
71,1649,45.34,2.249746 
72,1650,45.63,2.250066 
73,1654,46.79,2.245583 
74,1650,45.63,2.226703 
75,1653,46.50,2.246219 
76,1650,45.63,2.232137 
77,1659,48.24,2.246856 
78,1653,46.50,2.204012 
79,1655,47.08,2.233088 
80,1654,46.79,2.223812 
81,1654,46.79,2.228924 
82,1650,45.63,2.229241 
83,1651,45.92,2.248757 
84,1648,45.05,2.244274 
85,1665,49.97,2.259004 
ets Jul 29 2019 12:21:46

rst:0x1 (POWERON_RESET),boot:0x12 (SPI_FAST_FLASH_BOOT)
configsip: 0, SPIWP:0xee
clk_drv:0x00,q_drv:0x00,d_drv:0x00,cs0_drv:0x00,hd_drv:0x00,wp_drv:0x00
mode:DIO, clock div:2
load:0x3fff0040,len:6272
load:0x40078000,len:15848
load:0x40080400,len:3920
entry 0x40080644
I (27) boot: ESP-IDF v6.0 2nd stage bootloader
I (27) boot: compile time Apr 23 2026 08:09:33
I (28) boot: Multicore bootloader
I (29) boot: chip revision: v3.1
I (31) boot.esp32: SPI Speed      : 40MHz
I (35) boot.esp32: SPI Mode       : DIO
I (39) boot.esp32: SPI Flash Size : 2MB
I (42) boot: Enabling RNG early entropy source...
I (47) boot: Partition Table:
I (49) boot: ## Label            Usage          Type ST Offset   Length
I (56) boot:  0 nvs              WiFi data        01 02 00009000 00006000
I (62) boot:  1 phy_init         RF data          01 01 0000f000 00001000
I (69) boot:  2 factory          factory app      00 00 00010000 00100000
I (75) boot: End of partition table
I (79) esp_image: segment 0: paddr=00010020 vaddr=3f400020 size=09668h ( 38504) map
I (100) esp_image: segment 1: paddr=00019690 vaddr=3ffb0000 size=02a2ch ( 10796) load
I (104) esp_image: segment 2: paddr=0001c0c4 vaddr=40080000 size=03f54h ( 16212) load
I (111) esp_image: segment 3: paddr=00020020 vaddr=400d0020 size=0f6dch ( 63196) map
I (134) esp_image: segment 4: paddr=0002f704 vaddr=40083f54 size=06e28h ( 28200) load
I (146) esp_image: segment 5: paddr=00036534 vaddr=50000000 size=00028h (    40) load
I (152) boot: Loaded app from partition at offset 0x10000
I (152) boot: Disabling RNG early entropy source...
I (164) cpu_start: Multicore app
I (172) cpu_start: GPIO 3 and 1 are used as console UART I/O pins
I (172) cpu_start: Pro cpu start user code
I (172) cpu_start: cpu freq: 160000000 Hz
I (174) app_init: Application information:
I (178) app_init: Project name:     app-template
I (182) app_init: App version:      1
I (186) app_init: Compile time:     Apr 23 2026 08:07:59
I (191) app_init: ELF file SHA256:  904c88fda...
I (195) app_init: ESP-IDF:          v6.0
I (199) efuse_init: Min chip rev:     v0.0
I (202) efuse_init: Max chip rev:     v3.99 
I (206) efuse_init: Chip rev:         v3.1
I (211) heap_init: Initializing. RAM available for dynamic allocation:
I (217) heap_init: At 3FFAE6E0 len 00001920 (6 KiB): DRAM
I (222) heap_init: At 3FFB3410 len 0002CBF0 (178 KiB): DRAM
I (227) heap_init: At 3FFE0440 len 00003AE0 (14 KiB): D/IRAM
I (232) heap_init: At 3FFE4350 len 0001BCB0 (111 KiB): D/IRAM
I (238) heap_init: At 4008AD7C len 00015284 (84 KiB): IRAM
I (245) spi_flash: detected chip: generic
I (247) spi_flash: flash io: dio
W (250) spi_flash: Detected size(4096k) larger than the size in the binary image header(2048k). Using the size in the binary image header.
I (263) main_task: Started on CPU0
I (273) main_task: Calling app_main()
1,1701,60.32,0.000000 
2,1697,59.17,0.000000 
3,1696,58.89,0.000000 
4,1696,58.89,0.000000 
5,1698,59.46,0.000000 
6,1701,60.32,0.000000 
ets Jul 29 2019 12:21:46

rst:0x1 (POWERON_RESET),boot:0x12 (SPI_FAST_FLASH_BOOT)
configsip: 0, SPIWP:0xee
clk_drv:0x00,q_drv:0x00,d_drv:0x00,cs0_drv:0x00,hd_drv:0x00,wp_drv:0x00
mode:DIO, clock div:2
load:0x3fff0040,len:6272
load:0x40078000,len:15848
load:0x40080400,len:3920
entry 0x40080644
I (27) boot: ESP-IDF v6.0 2nd stage bootloader
I (27) boot: compile time Apr 23 2026 08:09:33
I (28) boot: Multicore bootloader
I (29) boot: chip revision: v3.1
I (31) boot.esp32: SPI Speed      : 40MHz
I (35) boot.esp32: SPI Mode       : DIO
I (39) boot.esp32: SPI Flash Size : 2MB
I (42) boot: Enabling RNG early entropy source...
I (47) boot: Partition Table:
I (49) boot: ## Label            Usage          Type ST Offset   Length
I (56) boot:  0 nvs              WiFi data        01 02 00009000 00006000
I (62) boot:  1 phy_init         RF data          01 01 0000f000 00001000
I (69) boot:  2 factory          factory app      00 00 00010000 00100000
I (75) boot: End of partition table
I (79) esp_image: segment 0: paddr=00010020 vaddr=3f400020 size=09668h ( 38504) map
I (100) esp_image: segment 1: paddr=00019690 vaddr=3ffb0000 size=02a2ch ( 10796) load
I (104) esp_image: segment 2: paddr=0001c0c4 vaddr=40080000 size=03f54h ( 16212) load
I (111) esp_image: segment 3: paddr=00020020 vaddr=400d0020 size=0f6dch ( 63196) map
I (134) esp_image: segment 4: paddr=0002f704 vaddr=40083f54 size=06e28h ( 28200) load
I (146) esp_image: segment 5: paddr=00036534 vaddr=50000000 size=00028h (    40) load
I (152) boot: Loaded app from partition at offset 0x10000
I (152) boot: Disabling RNG early entropy source...
I (164) cpu_start: Multicore app
I (172) cpu_start: GPIO 3 and 1 are used as console UART I/O pins
I (172) cpu_start: Pro cpu start user code
I (172) cpu_start: cpu freq: 160000000 Hz
I (174) app_init: Application information:
I (178) app_init: Project name:     app-template
I (182) app_init: App version:      1
I (186) app_init: Compile time:     Apr 23 2026 08:07:59
I (191) app_init: ELF file SHA256:  904c88fda...
I (195) app_init: ESP-IDF:          v6.0
I (199) efuse_init: Min chip rev:     v0.0
I (202) efuse_init: Max chip rev:     v3.99 
I (206) efuse_init: Chip rev:         v3.1
I (211) heap_init: Initializing. RAM available for dynamic allocation:
I (217) heap_init: At 3FFAE6E0 len 00001920 (6 KiB): DRAM
I (222) heap_init: At 3FFB3410 len 0002CBF0 (178 KiB): DRAM
I (227) heap_init: At 3FFE0440 len 00003AE0 (14 KiB): D/IRAM
I (232) heap_init: At 3FFE4350 len 0001BCB0 (111 KiB): D/IRAM
I (238) heap_init: At 4008AD7C len 00015284 (84 KiB): IRAM
I (245) spi_flash: detected chip: generic
I (247) spi_flash: flash io: dio
W (250) spi_flash: Detected size(4096k) larger than the size in the binary image header(2048k). Using the size in the binary image header.
I (263) main_task: Started on CPU0
I (273) main_task: Calling app_main()
1,1699,59.75,0.000000 
2,1700,60.03,0.000000 
3,1697,59.17,0.000000 
4,1695,58.60,0.000000 
