1,1808,171.00,501,171.00
2,1662,92.73,386,131.86
3,1690,107.74,400,136.87
4,1675,99.70,394,134.86
5,1683,103.99,397,135.72
6,1661,92.20,391,133.75
7,1678,101.31,395,135.05
8,1677,100.77,394,134.98
9,1611,65.40,383,131.05
10,1685,105.06,394,135.02
11,1279,-112.57,6294,115.24
12,1706,116.32,889,134.31
13,1734,131.33,892,135.46
14,1706,116.32,889,134.39
15,1705,115.78,889,134.36
16,1716,121.68,890,134.73
17,1610,64.86,880,131.38
18,1730,129.18,890,134.96
19,1729,128.65,890,134.93
20,1729,128.65,890,134.93
21,1726,127.04,890,134.85
22,1746,137.76,910,133.64
23,1735,131.86,934,133.44
24,1738,133.47,960,133.36
25,1773,152.23,989,134.18
26,1728,128.11,1014,132.96
27,1744,136.69,1045,133.33
28,1569,42.88,1063,128.78
29,1726,127.04,1107,132.49
30,1758,144.19,1143,133.38
31,1300,-101.31,4266,121.61
32,1758,144.19,1082,133.60
33,1747,138.30,1091,133.29
34,1722,124.90,1098,132.55
35,1755,142.59,1111,133.30
36,1757,143.66,1122,133.30
37,1749,139.37,1132,133.03
38,1783,157.59,1147,133.98
39,1735,131.86,1155,132.70
40,1762,146.34,1170,133.29
41,1766,148.48,1184,133.31
42,1712,119.54,1193,131.86
43,1767,149.02,1211,133.18
44,1904,222.46,1235,136.66
45,1766,148.48,1237,133.30
46,1750,139.91,1248,132.85
47,1746,137.76,1259,132.74
48,1758,144.19,1270,133.02
49,1774,152.77,1281,133.63
50,1771,151.16,1289,133.61
51,1754,142.05,1295,133.18
52,1738,133.47,1152,133.33
53,1715,121.14,1154,132.73
54,1689,107.21,1155,132.04
55,1766,148.48,1163,133.98
56,1704,115.25,1161,132.43
57,1758,144.19,1167,133.76
58,1775,153.31,1170,134.23
59,1771,151.16,1171,134.14
60,1777,154.38,1172,134.36
61,1798,165.64,1173,134.95
62,1788,160.27,1172,134.77
63,1780,155.99,1171,134.71
64,1790,161.35,1169,135.04
65,1799,166.17,1167,135.19
66,1817,175.82,1165,135.74
67,1818,176.36,1161,135.90
68,1808,171.00,1156,135.80
69,1792,162.42,1149,135.52
70,1810,172.07,1144,136.07
71,1814,174.21,1137,136.29
72,1885,212.27,1135,138.25
73,1811,172.60,1129,136.59
74,1850,193.51,1131,137.77
75,1826,180.64,1128,137.43
76,1811,172.60,1125,137.22
77,1808,171.00,1123,137.37
78,1824,179.57,1122,137.95
79,1840,188.15,1121,138.53
80,1806,169.92,1116,137.88
81,1754,142.05,1110,136.71
82,1783,157.59,1109,137.54
83,2073,313.05,1127,145.07
84,1834,184.93,1107,139.47
85,1856,196.73,1106,140.24
86,2071,311.97,1119,145.97
87,1851,194.05,1101,140.84
88,1856,196.73,1098,141.20
89,1840,188.15,1094,141.05
90,1853,195.12,1093,141.65
91,1825,180.11,1088,141.20
92,1837,186.54,1087,141.74
93,1769,150.09,1079,140.17
94,1797,165.10,1079,141.05
95,1840,188.15,1080,142.31
96,1857,197.26,1079,142.97
97,1845,190.83,1076,142.94
98,1868,203.16,1075,143.79
99,1883,211.20,1074,144.45
100,1746,137.76,1061,141.24
101,1883,211.20,1069,144.89
102,1873,205.84,1066,145.03
103,1869,203.69,1064,145.28
104,1872,205.30,1061,145.37
105,1903,221.92,1061,146.44
106,1866,202.09,1056,145.79
107,1861,199.41,1053,145.66
108,1954,249.26,1058,148.26
109,1879,209.05,1050,146.68
110,1852,194.58,1046,146.26
111,1887,213.34,1047,147.37
112,1917,229.42,1047,148.43
113,1932,237.46,1046,149.14
114,1869,203.69,1040,147.96
115,1820,177.43,1034,147.03
116,1903,221.92,1038,149.38
117,1862,199.94,1033,148.64
118,1922,232.10,1036,150.44
119,1921,231.57,1034,150.73
120,1893,216.56,1030,150.31
121,1895,217.63,1028,150.80
122,1895,217.63,1026,151.08
123,1893,216.56,1024,151.31
124,1889,214.41,1022,151.50
125,1869,203.69,1019,151.28
126,1915,228.35,1020,152.69
127,2823,715.07,1087,176.19
128,1923,232.64,1021,154.67
129,1919,230.50,1019,154.88
130,1923,232.64,1018,155.37
131,1881,210.13,1013,154.73
132,1937,240.14,1016,156.51
133,1888,213.88,1010,155.64
134,1950,247.11,1013,157.54
135,1891,215.49,1008,156.49
136,1958,251.40,1011,158.65
137,1951,247.65,1010,158.91
138,1877,207.98,1003,157.51
139,1924,233.18,1005,159.05
140,1939,241.22,1005,159.82
141,1914,227.82,1002,159.64
142,1970,257.83,1005,161.49
143,2375,474.93,1034,172.32
144,1937,240.14,1002,162.14
145,1963,254.08,1003,163.31
146,1911,226.21,998,162.56
147,1947,245.50,1000,163.95
148,1872,205.30,990,161.45
149,1940,241.75,993,163.51
150,1925,233.71,991,163.54
151,1935,239.07,991,164.18
152,1950,247.11,991,165.01
153,1935,239.07,988,165.04
154,1958,251.40,989,166.07
155,1942,242.82,987,166.07
156,1961,253.01,987,167.01
157,1959,251.94,986,167.36
158,1102,-207.45,4041,145.89
159,1947,245.50,1128,166.90
160,1968,256.76,1136,167.81
161,1910,225.67,1138,166.71
162,1995,271.23,1151,169.22
163,1647,84.69,1132,160.70
164,1981,263.73,1161,168.67
165,1972,258.91,1168,168.76
166,2000,273.91,1178,169.73
167,1979,262.66,1185,169.53
168,1996,271.77,1195,170.23
169,1968,256.76,1203,169.94
170,1989,268.02,1214,170.78
171,2000,273.91,1226,171.41
172,1983,264.80,1236,171.32
173,2001,274.45,1249,172.08
174,1808,171.00,1247,167.48
175,1988,267.48,1272,172.15
176,1983,264.80,1286,172.31
177,1995,271.23,1301,172.87
178,1922,232.10,1310,171.27
179,1984,265.34,1185,174.06
180,2000,273.91,1189,174.81
181,1968,256.76,1189,174.32
182,1781,156.52,1177,169.91
183,1814,174.21,1181,170.79
184,2123,339.85,1207,179.15
185,1996,271.77,1199,176.41
186,2000,273.91,1201,176.88
187,1991,269.09,1201,176.99
188,2017,283.03,1204,178.01
189,2042,296.43,1206,179.02
190,1779,155.45,1187,172.74
191,2010,279.27,1203,178.73
192,2015,281.96,1202,179.20
193,2032,291.07,1202,180.01
194,2006,277.13,1198,179.72
195,2035,292.68,1197,181.05
196,2025,287.32,1193,181.22
197,2382,478.68,1215,190.75
198,2043,296.96,1186,182.95
199,1968,256.76,1174,181.59
200,2033,291.60,1179,183.61
201,2039,294.82,1179,184.18
202,2067,309.83,1180,185.37
203,2070,311.44,1181,186.18
204,2046,298.57,1179,186.30
205,2032,291.07,1177,186.28
206,2034,292.14,1176,186.81
207,2070,311.44,1177,188.20
208,2065,308.76,1176,188.60
209,2082,317.87,1176,189.54
210,2039,294.82,1171,188.95
211,2032,291.07,1170,189.54
212,2069,310.90,1171,191.00
213,2058,305.00,1169,191.28
214,2010,279.27,1163,190.59
215,2038,294.28,1164,191.82
216,2032,291.07,1162,192.18
217,2055,303.40,1162,193.29
218,2065,308.76,1160,193.67
219,2071,311.97,1160,194.33
220,2074,313.58,1159,195.02
221,2079,316.26,1159,195.69
222,2023,286.24,1153,194.80
223,2065,308.76,1155,196.33
224,2067,309.83,1154,196.86
225,2064,308.22,1153,197.29
226,2085,319.48,1153,198.35
227,2086,320.01,1152,198.92
228,2063,307.68,1149,198.84
229,2063,307.68,1148,199.33
230,2086,320.01,1148,200.38
231,2102,328.59,1148,201.34
232,2160,359.68,1152,203.38
233,2110,332.88,1147,202.69
234,2158,358.61,1150,204.46
235,2095,324.84,1144,203.51
236,2073,313.05,1142,203.51
237,2096,325.37,1142,204.64
238,2089,321.62,1141,205.00
239,2128,342.53,1143,206.53
240,2096,325.37,1140,206.30
241,2057,304.47,1136,205.84
242,2102,328.59,1138,207.47
243,2102,328.59,1138,208.07
244,2106,330.73,1137,208.74
245,2097,325.91,1136,209.07
246,2065,308.76,1132,208.82
247,1909,225.14,1120,205.33
248,2111,333.41,1133,210.79
249,2142,350.03,1135,212.15
250,2151,354.86,1135,213.00
251,2118,337.17,1132,212.75
252,2134,345.74,1132,213.71
253,2096,325.37,1128,213.23
254,2122,339.31,1129,214.39
255,2077,315.19,1125,213.72
256,2110,332.88,1127,215.04
257,2121,338.77,1127,215.87
258,2123,339.85,1126,216.46
259,2162,360.75,1128,218.00
260,2128,342.53,1125,217.68
261,2138,347.89,1125,218.48
262,2128,342.53,1124,218.82
263,2117,336.63,1122,219.08
264,2128,342.53,1122,219.89
265,2112,333.95,1121,220.01
266,2078,315.73,1117,219.66
267,2126,341.46,1120,221.41
268,2258,412.21,1130,225.54
269,2416,496.91,1142,230.28
270,2214,388.63,1127,225.98
271,2118,337.17,1119,224.15
272,2103,329.13,1118,224.31
273,2062,307.15,1114,223.77
274,2149,353.78,1120,226.49
275,2145,351.64,1119,226.97
276,2170,365.04,1121,228.24
277,2128,342.53,1117,227.79
278,2099,326.98,1115,227.62
279,2150,354.32,1118,229.45
280,2173,366.65,1119,230.58
281,2134,345.74,1116,230.20
282,2171,365.58,1118,231.71
283,2160,359.68,1117,232.04
284,2160,359.68,1117,232.66
285,2159,359.14,1117,233.24
286,2194,377.91,1119,234.76
287,2077,315.19,1110,232.49
288,2163,361.29,1116,235.22
289,2160,359.68,1115,235.60
290,2190,375.76,1116,236.62
291,2128,342.53,1111,235.55
292,2143,350.57,1112,236.47
293,2171,365.58,1114,237.76
294,2175,367.72,1114,238.53
295,2161,360.22,1113,238.75
296,2089,321.62,1107,237.47
297,2175,367.72,1113,240.11
298,2152,355.39,1111,240.11
299,2192,376.83,1114,241.72
300,2167,363.43,1112,241.67
301,2177,368.79,1112,242.45
302,2176,368.26,1112,243.01
303,2176,368.26,1111,243.55
304,2192,376.83,1112,244.50
305,2099,326.98,1105,242.69
306,2192,376.83,1112,245.52
307,2194,377.91,1111,246.08
308,2196,378.98,1112,246.78
309,2195,378.44,1111,247.30
310,2207,384.87,1112,248.17
311,2197,379.51,1111,248.46
312,2224,393.99,1113,249.77
313,2205,383.80,1112,249.91
314,1993,270.16,1096,245.08
315,2235,399.88,1113,251.57
316,2166,362.90,1108,250.42
317,2192,376.83,1110,251.70
318,2207,384.87,1111,252.64
319,2196,378.98,1110,252.95
320,2199,380.59,1110,253.56
321,2198,380.05,1110,254.10
322,2218,390.77,1111,255.17
323,2224,393.99,1112,255.90
324,2250,407.92,1114,257.15
325,2225,394.52,1112,257.12
326,2227,395.59,1112,257.85
327,2223,393.45,1112,258.34
328,2215,389.16,1112,258.72
329,2239,402.03,1113,259.90
330,2209,385.95,1111,259.73
331,2217,390.23,1112,260.49
332,2384,479.75,1124,265.33
333,2262,414.36,1116,262.95
334,2237,400.96,1114,262.93
335,2221,392.38,1114,263.38
336,2240,402.56,1115,264.42
337,2294,431.51,1119,266.47
338,2225,394.52,1115,265.41
339,2352,462.60,1124,269.26
340,2217,390.23,1115,266.59
341,2225,394.52,1116,267.42
342,2224,393.99,1116,268.03
343,2221,392.38,1116,268.56
344,2317,443.84,1123,271.61
345,2242,403.64,1118,270.39
346,2225,394.52,1117,270.59
347,2170,365.04,1113,269.79
348,2281,424.54,1122,273.17
349,2960,788.51,1173,291.19
350,2228,396.13,1121,273.99
351,2235,399.88,1122,274.85
352,2250,407.92,1124,275.92
353,2256,411.14,1124,276.57
354,2303,436.33,1128,278.42
355,2404,490.47,1136,281.74
356,2275,421.32,1128,279.32
357,2315,442.77,1131,281.05
358,2255,410.60,1127,280.21
359,2258,412.21,1128,280.99
360,2265,415.96,1129,281.73
361,2353,463.14,1136,284.70
362,2190,375.76,1125,281.36
363,2254,410.07,1130,283.63
364,2309,439.55,1135,285.75
365,2255,410.60,1131,285.05
366,2273,420.25,1133,286.20
367,2242,403.64,1132,286.16
368,2161,360.22,1127,284.87
369,1970,257.83,1113,280.55
370,2272,419.72,1132,287.75
371,2261,413.82,1132,288.13
372,2277,422.40,1134,289.17
373,2172,366.11,1126,287.12
374,2282,425.08,1135,290.43
375,2285,426.68,1135,291.08
376,2282,425.08,1135,291.44
377,2341,456.70,1140,293.53
378,2154,356.46,1126,289.35
379,2277,422.40,1135,292.92
380,2284,426.15,1136,293.67
381,2307,438.48,1138,294.82
382,2256,411.14,1135,294.00
383,2277,422.40,1137,295.14
384,2258,412.21,1135,295.21
385,2263,414.89,1136,295.78
386,2321,445.98,1140,297.78
387,2290,429.37,1138,297.54
388,2310,440.09,1140,298.59
389,2293,430.97,1140,298.81
390,2352,462.60,1145,301.18
391,2294,431.51,1142,300.34
392,2271,419.18,1140,300.34
393,2288,428.29,1142,301.30
394,2309,439.55,1144,302.51
395,2316,443.30,1145,303.27
396,2295,432.05,1144,303.31
397,2310,440.09,1146,304.26
398,2302,435.80,1145,304.57
399,2230,397.20,1141,303.45
400,2330,450.81,1149,306.51
401,2278,422.93,1145,305.79
402,2304,436.87,1148,306.98
403,2302,435.80,1148,307.55
404,2341,456.70,1151,309.13
405,2290,429.37,1148,308.49
406,2323,447.05,1151,309.94
407,2311,440.62,1151,310.21
408,2319,444.91,1152,311.02
409,2314,442.23,1153,311.49
410,2260,413.28,1149,310.71
411,2272,419.72,1150,311.47
412,2291,429.90,1152,312.49
413,2089,321.62,1137,307.91
414,2289,428.83,1152,313.33
415,2239,402.03,1149,312.57
416,2317,443.84,1155,315.00
417,2288,428.29,1153,314.82
418,2283,425.61,1153,315.19
419,2287,427.76,1154,315.80
420,2289,428.83,1155,316.44
421,2324,447.59,1158,317.81
422,2298,433.65,1156,317.71
423,2307,438.48,1157,318.45
424,2287,427.76,1156,318.46
425,2323,447.05,1159,319.83
426,2283,425.61,1157,319.35
427,2337,454.56,1161,321.17
428,2296,432.58,1158,320.65
429,2294,431.51,1158,321.05
430,2281,424.54,1158,321.18
431,2298,433.65,1159,322.11
432,2227,395.59,1155,320.81
433,2288,428.29,1159,322.76
434,2228,396.13,1156,321.93
435,2296,432.58,1161,324.08
436,2301,435.26,1162,324.76
437,2310,440.09,1163,325.45
438,2286,427.22,1162,325.34
439,2294,431.51,1163,326.03
440,2266,416.50,1161,325.80
441,2368,471.18,1169,328.85
442,2310,440.09,1165,327.90
443,2437,508.16,1175,331.63
444,2291,429.90,1165,328.53
445,2285,426.68,1165,328.85
446,2284,426.15,1165,329.26
447,2119,337.70,1153,325.52
448,2273,420.25,1164,329.65
449,2273,420.25,1165,330.08
450,2337,454.56,1170,332.15
451,2322,446.52,1169,332.29
452,2211,387.02,1161,329.94
453,2256,411.14,1165,331.52
454,2305,437.41,1169,333.19
455,2300,434.73,1169,333.60
456,2303,436.33,1170,334.13
457,2205,383.80,1163,332.07
458,2305,437.41,1170,334.94
459,2273,420.25,1168,334.58
460,2297,433.12,1170,335.60
461,2309,439.55,1172,336.37
462,2285,426.68,1170,336.12
463,1919,230.50,1143,327.17
464,2303,436.33,1170,336.76
465,2262,414.36,1167,336.10
466,2244,404.71,1166,335.99
467,2294,431.51,1170,337.58
468,2289,428.83,1170,338.03
469,2274,420.79,1170,338.05
470,2260,413.28,1169,338.07
471,2254,410.07,1168,338.20
472,2290,429.37,1171,339.40
473,2294,431.51,1172,339.95
474,2287,427.76,1171,340.17
475,2302,435.80,1173,340.89
476,2305,437.41,1173,341.31
477,2288,428.29,1172,341.22
478,2294,431.51,1173,341.81
479,2215,389.16,1167,340.12
480,2272,419.72,1171,341.84
481,2301,435.26,1173,342.88
482,2275,421.32,1172,342.52
483,2256,411.14,1170,342.34
484,2230,397.20,1170,342.40
485,2288,428.29,1174,344.15
486,2275,421.32,1173,344.20
487,2283,425.61,1174,344.80
488,2278,422.93,1174,345.01
489,2313,441.69,1177,346.24
490,2310,440.09,1177,346.55
491,2314,442.23,1178,347.06
492,2272,419.72,1175,346.41
493,2266,416.50,1175,346.59
494,2266,416.50,1175,346.91
495,2047,299.11,1159,341.64
496,2281,424.54,1176,347.64
497,2276,421.86,1175,347.82
498,2288,428.29,1176,348.44
499,2294,431.51,1177,348.91
500,2242,403.64,1174,348.00
501,2281,424.54,1177,349.29
502,2266,416.50,1176,349.21
503,2288,428.29,1177,350.09
504,2295,432.05,1178,350.64
505,2226,395.06,1174,349.27
506,2295,432.05,1179,351.27
507,2271,419.18,1177,351.00
508,2285,426.68,1178,351.65
509,2288,428.29,1179,352.04
510,2282,425.08,1178,352.17
511,2320,445.45,1181,353.40
512,2274,420.79,1178,352.53
513,2269,418.11,1178,352.70
514,2260,413.28,1177,352.76
515,2256,411.14,1177,352.93
516,2289,428.83,1180,354.31
517,2189,375.23,1173,352.08
518,2267,417.04,1179,354.27
519,2306,437.94,1182,355.55
520,2303,436.33,1182,355.78
521,2315,442.77,1183,356.46
522,2285,426.68,1181,356.04
523,2311,440.62,1183,357.03
524,2282,425.08,1182,356.62
525,2259,412.75,1180,356.31
526,2321,445.98,1185,358.23
527,2272,419.72,1182,357.31
528,2143,350.57,1172,354.32
529,2265,415.96,1181,357.56
530,2271,419.18,1182,357.98
531,2303,436.33,1184,359.07
532,2265,415.96,1181,358.37
533,2257,411.68,1181,358.45
534,2267,417.04,1182,358.98
535,2287,427.76,1184,359.78
536,2256,411.14,1182,359.32
537,2262,414.36,1182,359.71
538,2276,421.86,1184,360.43
539,2258,412.21,1183,360.26
540,2187,374.15,1177,358.67
541,2298,433.65,1185,361.65
542,2259,412.75,1182,360.90
543,2235,399.88,1181,360.52
544,2269,418.11,1183,361.55
545,2252,409.00,1182,361.35
546,2276,421.86,1184,362.20
547,2307,438.48,1186,363.18
548,2259,412.75,1183,362.24
549,2258,412.21,1183,362.59
550,2223,393.45,1181,361.94
551,2291,429.90,1186,363.86
552,2253,409.53,1183,363.12
553,2287,427.76,1186,364.21
554,2278,422.93,1185,364.26
555,2237,400.96,1182,363.46
556,2257,411.68,1184,364.15
557,2274,420.79,1185,364.81
558,2297,433.12,1187,365.64
559,2263,414.89,1184,365.02
560,2258,412.21,1184,365.12
561,2269,418.11,1185,365.71
562,2262,414.36,1185,365.72
563,2231,397.74,1183,365.16
564,2235,399.88,1183,365.48
565,2282,425.08,1187,366.87
566,2230,397.20,1183,365.81
567,2257,411.68,1185,366.67
568,2262,414.36,1185,366.96
569,2207,384.87,1181,365.78
570,2238,401.49,1183,366.73
571,2039,294.82,1169,361.87
572,2640,616.98,1213,377.12
573,2238,401.49,1184,367.53
574,2208,385.41,1182,366.92
575,2213,388.09,1182,367.17
576,2237,400.96,1184,367.96
577,2261,413.82,1186,368.76
578,2243,404.17,1184,368.48
579,2240,402.56,1184,368.54
580,2237,400.96,1184,368.63
581,2240,402.56,1184,368.88
582,2136,346.82,1176,366.37
583,2276,421.86,1186,369.98
584,2263,414.89,1185,369.88
585,2236,400.42,1183,369.40
586,2226,395.06,1182,369.26
587,2263,414.89,1185,370.37
588,2262,414.36,1185,370.52
589,2264,415.43,1185,370.74
590,2268,417.57,1186,371.08
591,2298,433.65,1188,372.05
592,2261,413.82,1186,371.59
593,2258,412.21,1185,371.25
594,2263,414.89,1185,371.56
595,2246,405.78,1184,371.35
596,2253,409.53,1185,371.72
597,2248,406.85,1184,371.78
598,2251,408.46,1184,372.00
599,2205,383.80,1181,370.99
600,2263,414.89,1185,372.59
601,2224,393.99,1182,371.78
602,2238,401.49,1183,372.27
603,2287,427.76,1187,373.81
604,2140,348.96,1176,370.24
605,2253,409.53,1184,373.14
606,2243,404.17,1184,373.06
607,2222,392.91,1182,372.70
608,2242,403.64,1184,373.33
609,2225,394.52,1182,373.03
610,2250,407.92,1184,373.77
611,2245,405.24,1183,373.77
612,2370,472.25,1193,377.05
613,2247,406.32,1184,374.17
614,2249,407.39,1184,374.36
615,2240,402.56,1183,374.26
616,2226,395.06,1182,374.04
617,2426,502.27,1197,379.26
618,2250,407.92,1184,375.12
619,2228,396.13,1183,374.71
620,2209,385.95,1181,374.40
621,2316,443.30,1189,377.22
622,2224,393.99,1183,375.13
623,2250,407.92,1184,375.93
624,2215,389.16,1182,375.13
625,2398,487.26,1196,380.04
626,2242,403.64,1185,376.38
627,2230,397.20,1184,376.24
628,2226,395.06,1184,376.30
629,2266,416.50,1187,377.47
630,2250,407.92,1186,377.27
631,2263,414.89,1187,377.77
632,2220,391.84,1184,376.86
633,2303,436.33,1189,378.97
634,2203,382.73,1182,376.65
635,2210,386.48,1183,376.93
636,2196,378.98,1182,376.70
637,2194,377.91,1181,376.78
638,2234,399.35,1184,377.68
639,2224,393.99,1183,377.55
640,2231,397.74,1183,377.86
641,2166,362.90,1179,376.37
642,2222,392.91,1182,377.76
643,2220,391.84,1182,377.83
644,2215,389.16,1182,377.80
645,2199,380.59,1180,377.51
646,2174,367.18,1178,376.76
647,2191,376.30,1179,377.21
648,2176,368.26,1177,376.87
649,2236,400.42,1182,378.43
650,2210,386.48,1179,377.81
651,2247,406.32,1182,378.78
652,2194,377.91,1178,377.48
653,2191,376.30,1177,377.43
654,2166,362.90,1175,376.72
655,2192,376.83,1176,377.39
656,2219,391.31,1178,378.10
657,2212,387.55,1177,377.98
658,2194,377.91,1176,377.58
659,2096,325.37,1168,375.08
660,2224,393.99,1177,378.22
661,2223,393.45,1177,378.22
662,2204,383.27,1175,377.82
663,2240,402.56,1177,378.74
664,2226,395.06,1176,378.43
665,2218,390.77,1175,378.25
666,2223,393.45,1175,378.42
667,2194,377.91,1173,377.75
668,2211,387.02,1174,378.21
669,2207,384.87,1174,378.18
670,2188,374.69,1172,377.68
671,2246,405.78,1176,379.15
672,2175,367.72,1170,377.36
673,2231,397.74,1174,378.78
674,2194,377.91,1171,377.90
675,2183,372.01,1170,377.68
676,2220,391.84,1173,378.64
677,2224,393.99,1173,378.77
678,2217,390.23,1172,378.62
679,2170,365.04,1168,377.47
680,2238,401.49,1173,379.32
681,2247,406.32,1174,379.61
682,2192,376.83,1169,378.27
683,2199,380.59,1170,378.47
684,2258,412.21,1174,379.96
685,2227,395.59,1171,379.24
686,2186,373.62,1168,378.24
687,2192,376.83,1168,378.39
688,2189,375.23,1168,378.34
689,2192,376.83,1168,378.42
690,2196,378.98,1168,378.54
691,2225,394.52,1170,379.32
692,2215,389.16,1169,379.07
693,2169,364.50,1165,377.98
694,2217,390.23,1168,379.17
695,2192,376.83,1166,378.59
696,2225,394.52,1169,379.47
697,2177,368.79,1165,378.29
698,2189,375.23,1165,378.57
699,2192,376.83,1165,378.65
700,2207,384.87,1166,379.08
701,2343,457.78,1176,382.55
702,2181,370.94,1164,378.55
703,2192,376.83,1165,378.84
704,2182,371.47,1164,378.61
705,2257,411.68,1169,380.46
706,2209,385.95,1165,379.29
707,2209,385.95,1165,379.34
708,2186,373.62,1163,378.80
709,2064,308.22,1154,375.70
710,2183,372.01,1162,378.61
711,2226,395.06,1165,379.71
712,2208,385.41,1163,379.27
713,2192,376.83,1162,378.87
714,2175,367.72,1160,378.48
715,2169,364.50,1160,378.30
716,2161,360.22,1159,378.08
717,2181,370.94,1160,378.52
718,2176,368.26,1159,378.41
719,2184,372.55,1159,378.60
720,2194,377.91,1160,378.86
721,2189,375.23,1159,378.72
722,2301,435.26,1167,381.40
723,2228,396.13,1161,379.67
724,2181,370.94,1158,378.51
725,2175,367.72,1157,378.35
726,2179,369.87,1157,378.35
727,2183,372.01,1157,378.41
728,2191,376.30,1157,378.57
729,2198,380.05,1157,378.74
730,2209,385.95,1158,379.16
731,2275,421.32,1163,380.87
732,2177,368.79,1155,378.42
733,2191,376.30,1156,378.74
734,2154,356.46,1153,377.79
735,2175,367.72,1154,378.29
736,2185,373.08,1155,378.55
737,2182,371.47,1154,378.49
738,2160,359.68,1152,377.93
739,2218,390.77,1156,379.39
740,2162,360.75,1152,378.00
741,2182,371.47,1153,378.47
742,2094,324.30,1146,376.21
743,2193,377.37,1153,378.49
744,2153,355.93,1149,377.41
745,2183,372.01,1151,378.13
746,2162,360.75,1149,377.58
747,2196,378.98,1151,378.41
748,2192,376.83,1151,378.31
749,2189,375.23,1150,378.22
750,2157,358.07,1148,377.38
751,2200,381.12,1150,378.39
752,2160,359.68,1147,377.25
753,2046,298.57,1138,374.29
754,2171,365.58,1146,377.26
755,2196,378.98,1148,377.88
756,2187,374.15,1147,377.63
757,2192,376.83,1147,377.71
758,2192,376.83,1147,377.67
759,2245,405.24,1150,379.02
760,2174,367.18,1145,377.18
761,2170,365.04,1144,377.04
762,2165,362.36,1143,376.85
763,2089,321.62,1137,374.94
764,2191,376.30,1144,377.37
765,2169,364.50,1142,376.81
766,2160,359.68,1141,376.52
767,2098,326.45,1136,374.88
768,2171,365.58,1141,376.58
769,1869,203.69,1118,368.79
770,2173,366.65,1139,376.10
771,2211,387.02,1142,377.01
772,2157,358.07,1137,375.57
773,2160,359.68,1137,375.56
774,2178,369.33,1138,376.08
775,2183,372.01,1138,376.15
776,2153,355.93,1136,375.30
777,2181,370.94,1137,375.91
778,2173,366.65,1136,375.62
779,2171,365.58,1135,375.47
780,2154,356.46,1133,374.87
781,2207,384.87,1137,376.11
782,2146,352.18,1132,374.51
783,2143,350.57,1131,374.32
784,2146,352.18,1131,374.37
785,2146,352.18,1130,374.22
786,2127,341.99,1128,373.62
787,2177,368.79,1132,374.75
788,2117,336.63,1127,373.22
789,2145,351.64,1128,373.77
790,2128,342.53,1128,373.57
791,2192,376.83,1132,375.09
792,2137,347.35,1127,373.59
793,2431,504.95,1149,381.00
794,2159,359.14,1129,374.32
795,2174,367.18,1130,374.62
796,2116,336.09,1125,373.06
797,2150,354.32,1127,373.82
798,2154,356.46,1127,373.83
799,2161,360.22,1127,373.92
800,2141,349.50,1125,373.34
801,2170,365.04,1127,374.00
802,2427,502.80,1145,380.46
803,2199,380.59,1129,374.93
804,2151,354.86,1125,373.73
805,2149,353.78,1125,373.65
806,2150,354.32,1125,373.65
807,2160,359.68,1125,373.91
808,2192,376.83,1127,374.68
809,2126,341.46,1122,373.07
810,2124,340.38,1122,372.98
811,2250,407.92,1131,376.17
812,2130,343.60,1122,373.16
813,2091,322.69,1119,372.14
814,2144,351.10,1122,373.07
815,2154,356.46,1122,373.27
816,2155,357.00,1122,373.23
817,2149,353.78,1121,373.09
818,2154,356.46,1121,373.18
819,2178,369.33,1123,373.76
820,2153,355.93,1121,373.11
821,2115,335.56,1118,372.13
822,2116,336.09,1117,372.07
823,2143,350.57,1118,372.36
824,2192,376.83,1121,373.49
825,2094,324.30,1114,370.98
826,2206,384.34,1121,373.71
827,2149,353.78,1117,372.25
828,2146,352.18,1116,372.10
829,2146,352.18,1116,371.98
830,2138,347.89,1115,371.72
831,2159,359.14,1116,372.20
832,2151,354.86,1115,371.80
833,2128,342.53,1113,371.15
834,2139,348.42,1113,371.38
835,2111,333.41,1111,370.59
836,2144,351.10,1113,371.30
837,2144,351.10,1112,371.21
838,2139,348.42,1112,371.00
839,2114,335.02,1109,370.25
840,2135,346.28,1110,370.62
841,2199,380.59,1114,372.14
842,2142,350.03,1110,370.68
843,2151,354.86,1110,370.85
844,2160,359.68,1111,371.00
845,2141,349.50,1109,370.40
846,2111,333.41,1106,369.61
847,2144,351.10,1108,370.25
848,2141,349.50,1107,370.08
849,2130,343.60,1106,369.71
850,2145,351.64,1107,369.98
851,2192,376.83,1110,371.10
852,2160,359.68,1107,370.23
853,2132,344.67,1105,369.44
854,2099,326.98,1102,368.51
855,2005,276.59,1094,365.98
856,2117,336.63,1102,368.62
857,2136,346.82,1103,368.97
858,2114,335.02,1101,368.31
859,2113,334.49,1100,368.15
860,2128,342.53,1101,368.44
861,2158,358.61,1103,369.10
862,2167,363.43,1103,369.18
863,2134,345.74,1100,368.27
864,2154,356.46,1101,368.66
865,2006,277.13,1089,364.77
866,2138,347.89,1098,367.87
867,2145,351.64,1098,367.96
868,2113,334.49,1096,367.04
869,2151,354.86,1098,367.86
870,2137,347.35,1096,367.42
871,2157,358.07,1097,367.81
872,2123,339.85,1094,366.78
873,2323,447.05,1109,371.72
874,2131,344.14,1094,366.93
875,2144,351.10,1095,367.19
876,2125,340.92,1094,366.76
877,1942,242.82,1080,362.00
878,2121,338.77,1092,366.24
879,2135,346.28,1093,366.50
880,2141,349.50,1093,366.57
881,2141,349.50,1092,366.48
882,2107,331.27,1089,365.49
883,2085,319.48,1087,364.75
884,2128,342.53,1089,365.68
885,1967,256.23,1077,361.43
886,2171,365.58,1092,366.48
887,2131,344.14,1088,365.39
888,2125,340.92,1087,365.12
889,2018,283.56,1079,362.29
890,2096,325.37,1084,364.02
891,2150,354.32,1087,365.24
892,2145,351.64,1086,364.99
893,2167,363.43,1088,365.46
894,2126,341.46,1084,364.12
895,2064,308.22,1079,362.40
896,2106,330.73,1081,363.24
897,2139,348.42,1083,363.92
898,2032,291.07,1075,361.28
899,2122,339.31,1081,363.34
900,2037,293.75,1074,361.02
901,2167,363.43,1083,364.08
902,2141,349.50,1080,363.30
903,2130,343.60,1079,362.91
904,2119,337.70,1078,362.54
905,2143,350.57,1079,363.01
906,2111,333.41,1077,362.26
907,2137,347.35,1078,362.73
908,2131,344.14,1077,362.45
909,2146,352.18,1078,362.70
910,1709,117.93,1045,351.57
911,2170,365.04,1078,362.74
912,2119,337.70,1073,361.32
913,2130,343.60,1074,361.43
914,2128,342.53,1073,361.19
915,2107,331.27,1071,360.51
916,2061,306.61,1067,359.25
917,2114,335.02,1070,360.41
918,2147,352.71,1072,361.08
919,2134,345.74,1071,360.74
920,2053,302.32,1064,358.55
921,2096,325.37,1067,359.53
922,2106,330.73,1067,359.57
923,2031,290.53,1061,357.48
924,2118,337.17,1067,359.44
925,3019,820.14,1133,382.29
926,2106,330.73,1068,359.90
927,2130,343.60,1069,360.40
928,2118,337.17,1068,359.99
929,2130,343.60,1068,360.18
930,2128,342.53,1068,360.00
931,2142,350.03,1070,360.76
932,2098,326.45,1066,359.55
933,2130,343.60,1068,360.28
934,2119,337.70,1067,359.94
935,2124,340.38,1067,360.01
936,2199,380.59,1073,361.90
937,2246,405.78,1076,363.23
938,2145,351.64,1069,360.78
939,2122,339.31,1067,360.18
940,2096,325.37,1065,359.49
941,2132,344.67,1068,360.46
942,2062,307.15,1063,358.71
943,2094,324.30,1065,359.49
944,2113,334.49,1066,360.07
945,2113,334.49,1066,360.10
946,2073,313.05,1060,358.02
947,2115,335.56,1063,359.00
948,1676,100.24,1030,347.73
949,2143,350.57,1063,359.07
950,2112,333.95,1060,358.23
951,2165,362.36,1064,359.49
952,2091,322.69,1058,357.54
953,2064,308.22,1056,356.76
954,2110,332.88,1059,357.77
955,2128,342.53,1060,358.12
956,2112,333.95,1058,357.62
957,2119,337.70,1058,357.60
958,2102,328.59,1056,356.90
959,2102,328.59,1055,356.71
960,2018,283.56,1048,354.40
961,2142,350.03,1057,357.33
962,2123,339.85,1055,356.69
963,2100,327.52,1053,356.01
964,2126,341.46,1054,356.51
965,2102,328.59,1052,355.72
966,2192,376.83,1058,357.81
967,2099,326.98,1051,355.43
968,2129,343.06,1052,356.02
969,2141,349.50,1054,356.73
970,2078,315.73,1049,355.01
971,2126,341.46,1052,356.08
972,2128,342.53,1052,355.97
973,2117,336.63,1051,355.61
974,1993,270.16,1041,352.39
975,2109,332.34,1049,355.10
976,2109,332.34,1049,354.95
977,2132,344.67,1050,355.41
978,2258,412.21,1059,358.52
979,2087,320.55,1046,354.24
980,2102,328.59,1047,354.50
981,2116,336.09,1048,354.86
982,2096,325.37,1046,354.23
983,2102,328.59,1046,354.27
984,2091,322.69,1045,353.91
985,2099,326.98,1045,353.99
986,2095,324.84,1044,353.80
987,2084,318.94,1043,353.33
988,2112,333.95,1045,353.95
989,1851,194.05,1025,347.18
990,2096,325.37,1042,352.98
991,2113,334.49,1043,353.32
992,2112,333.95,1042,353.17
993,2112,333.95,1042,353.03
994,2094,324.30,1040,352.45
995,2090,322.16,1040,352.35
996,2095,324.84,1039,352.35
997,2087,320.55,1038,352.02
998,2101,328.05,1039,352.21
999,2101,328.05,1038,351.91
1000,2093,323.77,1037,351.60
1001,2125,340.92,1039,352.28
1002,2005,276.59,1029,349.09
1003,1994,270.70,1028,348.57
1004,2176,368.26,1041,352.94
1005,2013,280.88,1028,348.73
1006,2121,338.77,1035,351.24
1007,2093,323.77,1033,350.40
1008,2082,317.87,1032,349.98
1009,2087,320.55,1031,349.92
1010,2112,333.95,1034,350.69
1011,2127,341.99,1034,350.96
1012,2111,333.41,1033,350.44
1013,2114,335.02,1032,350.39
1014,2079,316.26,1029,349.37
1015,2141,349.50,1033,350.81
1016,2096,325.37,1030,349.59
1017,2097,325.91,1029,349.48
1018,2138,347.89,1032,350.41
1019,2023,286.24,1023,347.38
1020,2496,539.79,1058,359.24
1021,1890,214.95,1013,344.14
1022,2112,333.95,1029,349.42
1023,2096,325.37,1028,349.02
1024,2174,367.18,1033,351.04
1025,2114,335.02,1029,349.41
1026,2103,329.13,1028,349.17
1027,2388,481.90,1049,356.34
1028,2186,373.62,1034,351.47
1029,2090,322.16,1027,349.09
1030,2103,329.13,1028,349.38
1031,2126,341.46,1030,349.90
1032,1999,273.38,1020,346.61
1033,2084,318.94,1026,348.60
1034,2067,309.83,1024,348.08
1035,2104,329.66,1027,348.96
1036,2160,359.68,1031,350.30
1037,2091,322.69,1025,348.58
1038,2099,326.98,1026,348.74
1039,2096,325.37,1025,348.58
1040,2000,273.91,1018,346.19
1041,2118,337.17,1025,348.58
1042,2087,320.55,1023,348.00
1043,2096,325.37,1024,348.16
1044,2097,325.91,1024,348.15
1045,1939,241.22,1011,343.98
1046,2066,309.29,1020,346.96
1047,1888,213.88,1006,342.31
1048,2075,314.12,1018,346.42
1049,1981,263.73,1011,343.78
1050,2093,323.77,1018,346.38
1051,2128,342.53,1020,347.13
1052,2070,311.44,1015,345.52
1053,2074,313.58,1016,345.57
1054,2076,314.65,1015,345.48
1055,2082,317.87,1015,345.51
1056,2085,319.48,1015,345.42
1057,1955,249.79,1004,341.87
1058,2097,325.91,1014,345.17
1059,2039,294.82,1009,343.52
1060,2051,301.25,1009,343.59
1061,2062,307.15,1010,343.74
1062,2074,313.58,1010,343.82
1063,2102,328.59,1011,344.34
1064,2085,319.48,1009,343.72
1065,2082,317.87,1008,343.43
1066,2025,287.32,1004,341.95
1067,2064,308.22,1006,342.71
1068,2074,313.58,1007,342.98
1069,2093,323.77,1008,343.31
1070,2162,360.75,1013,345.04
1071,2156,357.54,1012,344.83
1072,2084,318.94,1006,342.88
1073,2112,333.95,1008,343.47
1074,1820,177.43,986,335.91
1075,2096,325.37,1005,342.50
1076,2089,321.62,1004,342.18
1077,2064,308.22,1002,341.39
1078,2000,273.91,997,339.73
1079,2092,323.23,1003,341.82
1080,2096,325.37,1003,341.84
1081,2029,289.46,998,340.05
1082,2080,316.80,1001,341.18
1083,2084,318.94,1001,341.15
1084,2084,318.94,1000,341.00
1085,2069,310.90,999,340.49
1086,1950,247.11,989,337.31
1087,2091,322.69,999,340.69
1088,2067,309.83,997,339.98
1089,2006,277.13,992,338.28
1090,2078,315.73,997,339.88
1091,2097,325.91,997,340.12
1092,2096,325.37,997,339.87
1093,2075,314.12,995,339.19
1094,2160,359.68,1000,341.16
1095,2094,324.30,996,339.72
1096,2096,325.37,996,339.64
1097,2096,325.37,995,339.52
1098,2121,338.77,997,340.07
1099,2096,325.37,995,339.44
1100,2101,328.05,995,339.46
1101,2253,409.53,1006,343.23
1102,2096,325.37,995,339.37
1103,2078,315.73,993,338.82
1104,2091,322.69,994,339.04
1105,2111,333.41,995,339.46
1106,2154,356.46,998,340.51
1107,2085,319.48,993,338.90
1108,2112,333.95,995,339.51
1109,2096,325.37,994,339.07
1110,2103,329.13,994,339.29
1111,2134,345.74,996,340.05
1112,2096,325.37,993,339.08
1113,2082,317.87,992,338.69
1114,2082,317.87,992,338.66
1115,2074,313.58,991,338.34
1116,2101,328.05,993,338.96
1117,2096,325.37,992,338.80
1118,2090,322.16,992,338.62
1119,2073,313.05,990,338.11
1120,2064,308.22,989,337.82
1121,2157,358.07,996,340.11
1122,2063,307.68,988,337.57
1123,2067,309.83,988,337.58
1124,2094,324.30,990,338.21
1125,2077,315.19,989,337.74
1126,2064,308.22,988,337.33
1127,2075,314.12,988,337.46
1128,2085,319.48,988,337.64
1129,2053,302.32,986,336.74
1130,2000,273.91,981,335.27
1131,2092,323.23,988,337.43
1132,2031,290.53,983,335.75
1133,2064,308.22,985,336.43
1134,2094,324.30,987,337.09
1135,2053,302.32,983,335.97
1136,2086,320.01,985,336.70
1137,2067,309.83,984,336.10
1138,2043,296.96,981,335.36
1139,2090,322.16,984,336.41
1140,2039,294.82,980,335.03
1141,2096,325.37,984,336.35
1142,2073,313.05,982,335.58
1143,2078,315.73,982,335.61
1144,2091,322.69,983,335.85
1145,2155,357.00,987,337.37
1146,2059,305.54,980,334.90
1147,2063,307.68,980,334.89
1148,1941,242.29,970,331.66
1149,2061,306.61,978,334.43
1150,2094,324.30,980,335.17
1151,2103,329.13,981,335.39
1152,2073,313.05,978,334.53
1153,2084,318.94,979,334.75
1154,2075,314.12,978,334.44
1155,2068,310.37,977,334.14
1156,2080,316.80,978,334.36
1157,2060,306.08,976,333.73
1158,2087,320.55,977,334.31
1159,2069,310.90,976,333.80
1160,2074,313.58,976,333.80
1161,2088,321.09,977,334.10
1162,2018,283.56,971,332.21
1163,2085,319.48,976,333.76
1164,2064,308.22,974,333.13
1165,2054,302.86,973,332.75
1166,2057,304.47,972,332.61
1167,2064,308.22,972,332.67
1168,2090,322.16,974,333.23
1169,2078,315.73,973,333.00
1170,2061,306.61,972,332.50
1171,2062,307.15,971,332.40
1172,2077,315.19,972,332.64
1173,2075,314.12,972,332.50
1174,2059,305.54,970,331.98
1175,2064,308.22,970,331.99
1176,2051,301.25,969,331.56
1177,2064,308.22,969,331.76
1178,2217,390.23,980,335.57
1179,2084,318.94,971,332.23
1180,2090,322.16,971,332.31
1181,2123,339.85,973,333.08
1182,2159,359.14,976,333.95
1183,2090,322.16,971,332.28
1184,2069,310.90,969,331.67
1185,2063,307.68,968,331.45
1186,2039,294.82,966,330.77
1187,2070,311.44,968,331.48
1188,2074,313.58,968,331.52
1189,2077,315.19,968,331.52
1190,2038,294.28,965,330.45
1191,2166,362.90,974,333.62
1192,2064,308.22,967,331.07
1193,2107,331.27,970,332.10
1194,2074,313.58,967,331.24
1195,1919,230.50,955,327.24
1196,2012,280.35,962,329.39
1197,2077,315.19,966,330.95
1198,2071,311.97,966,330.75
1199,2090,322.16,966,331.01
1200,1990,268.55,959,328.40
1201,2105,330.20,967,331.15
1202,2064,308.22,963,330.01
1203,2077,315.19,964,330.15
1204,2071,311.97,963,329.90
1205,2062,307.15,962,329.59
1206,2032,291.07,959,328.73
1207,2015,281.96,958,328.20
1208,2123,339.85,965,330.80
1209,2060,306.08,961,329.16
1210,2082,317.87,962,329.61
1211,2098,326.45,963,329.98
1212,2065,308.76,960,328.96
1213,2057,304.47,959,328.66
1214,2058,305.00,959,328.52
1215,2046,298.57,957,328.08
1216,1950,247.11,950,325.67
1217,2040,295.36,956,327.79
1218,2058,305.00,957,328.10
1219,2069,310.90,958,328.26
1220,2030,290.00,954,327.13
1221,2066,309.29,957,327.99
1222,2025,287.32,953,326.79
1223,2074,313.58,956,327.89
1224,2060,306.08,955,327.42
1225,2064,308.22,955,327.41
1226,2022,285.71,951,326.23
1227,2213,388.09,965,330.99
1228,2180,370.40,963,330.28
1229,2051,301.25,954,326.96
1230,2077,315.19,955,327.52
1231,2151,354.86,960,329.31
1232,2131,344.14,959,328.77
1233,2080,316.80,955,327.45
1234,2070,311.44,954,327.14
1235,2088,321.09,955,327.54
1236,2064,308.22,953,326.90
1237,2093,323.77,955,327.70
1238,2063,307.68,953,326.93
1239,2052,301.79,952,326.59
1240,2058,305.00,952,326.66
1241,2073,313.05,953,327.02
1242,2063,307.68,952,326.72
1243,2043,296.96,951,326.21
1244,2038,294.28,950,326.00
1245,2063,307.68,952,326.57
1246,2064,308.22,952,326.56
1247,2038,294.28,950,325.91
1248,2036,293.21,949,325.62
1249,2066,309.29,951,326.16
1250,2046,298.57,949,325.61
1251,2103,329.13,953,326.98
1252,2046,298.57,948,325.41
1253,2067,309.83,949,325.79
1254,2026,287.85,946,324.66
1255,1950,247.11,940,322.60
1256,2044,297.50,946,324.77
1257,2157,358.07,954,327.55
1258,2016,282.49,944,323.94
1259,2064,308.22,947,325.03
1260,1907,224.06,935,320.94
1261,2026,287.85,943,323.71
1262,2046,298.57,944,324.06
1263,2129,343.06,950,326.05
1264,2045,298.04,944,323.90
1265,2059,305.54,944,324.16
1266,2055,303.40,944,323.94
1267,2046,298.57,943,323.59
1268,2060,306.08,943,323.84
1269,2044,297.50,942,323.34
1270,2061,306.61,943,323.64
1271,2075,314.12,943,323.91
1272,2053,302.32,941,323.20
1273,2067,309.83,942,323.45
1274,2064,308.22,941,323.26
1275,1984,265.34,935,321.15
1276,2037,293.75,939,322.44
1277,2005,276.59,936,321.51
1278,2044,297.50,938,322.22
1279,2064,308.22,940,322.65
1280,2047,299.11,938,322.10
1281,2064,308.22,939,322.59
1282,2160,359.68,946,324.98
1283,2029,289.46,937,321.68
1284,1982,264.27,932,320.28
1285,2061,306.61,938,322.12
1286,2064,308.22,938,322.10
1287,2093,323.77,940,322.75
1288,2007,277.67,933,320.52
1289,2303,436.33,955,327.92
1290,2065,308.76,938,322.06
1291,2035,292.68,935,321.22
1292,2125,340.92,941,323.39
1293,1878,208.52,923,317.09
1294,2055,303.40,935,321.31
1295,2068,310.37,936,321.54
1296,2122,339.31,940,322.94
1297,2047,299.11,934,321.05
1298,2032,291.07,933,320.65
1299,2109,332.34,939,322.54
1300,2044,297.50,934,320.87
1301,2203,382.73,946,324.87
1302,2035,292.68,933,320.69
1303,2064,308.22,935,321.23
1304,2066,309.29,935,321.26
1305,2061,306.61,935,321.18
1306,2044,297.50,933,320.70
1307,2063,307.68,934,321.12
1308,2076,314.65,935,321.37
1309,2082,317.87,936,321.56
1310,2080,316.80,935,321.21
1311,2091,322.69,935,321.45
1312,1989,268.02,928,318.86
1313,2063,307.68,933,320.53
1314,2064,308.22,933,320.72
1315,2062,307.15,933,320.64
1316,2074,313.58,934,320.91
1317,2062,307.15,933,320.50
1318,2046,298.57,931,320.07
1319,2058,305.00,932,320.35
1320,1995,271.23,927,318.63
1321,2125,340.92,936,321.85
1322,2061,306.61,931,320.07
1323,2052,301.79,930,319.81
1324,2064,308.22,931,320.05
1325,2037,293.75,929,319.30
1326,2081,317.33,932,320.33
1327,2032,291.07,928,319.07
1328,2067,309.83,930,319.86
1329,2110,332.88,933,320.89
1330,2031,290.53,927,318.84
1331,2065,308.76,930,319.59
1332,1965,255.15,922,316.95
1333,2044,297.50,927,318.88
1334,2040,295.36,927,318.70
1335,2032,291.07,926,318.40
1336,2055,303.40,927,318.88
1337,2037,293.75,926,318.32
1338,2063,307.68,927,318.88
1339,2051,301.25,926,318.52
1340,2046,298.57,926,318.30
1341,2094,324.30,929,319.51
1342,1874,206.37,912,313.79
1343,2038,294.28,924,317.67
1344,2062,307.15,925,318.19
1345,2066,309.29,925,318.20
1346,2002,274.99,920,316.51
1347,2064,308.22,924,317.91
1348,2073,313.05,925,318.09
1349,2018,283.56,920,316.60
1350,1968,256.76,916,315.12
1351,2032,291.07,920,316.58
1352,2026,287.85,919,316.28
1353,2036,293.21,920,316.50
1354,2045,298.04,920,316.62
1355,2137,347.35,927,318.87
1356,2085,319.48,923,317.56
1357,1986,266.41,915,314.97
1358,2046,298.57,919,316.35
1359,2059,305.54,920,316.56
1360,2039,294.82,918,315.95
1361,2091,322.69,922,317.17
1362,2069,310.90,920,316.49
1363,1943,243.36,911,313.41
1364,2056,303.93,919,316.09
1365,2023,286.24,916,315.15
1366,2146,352.18,925,318.14
1367,1982,264.27,913,314.03
1368,2058,305.00,918,315.79
1369,2032,291.07,915,315.01
1370,2068,310.37,918,315.86
1371,2097,325.91,920,316.63
1372,2064,308.22,918,315.79
1373,2045,298.04,916,315.28
1374,2046,298.57,916,315.25
1375,2045,298.04,916,315.16
1376,2219,391.31,928,319.43
1377,2058,305.00,917,315.41
1378,1888,213.88,904,311.09
1379,2128,342.53,921,316.96
1380,2110,332.88,920,316.52
1381,2087,320.55,918,315.96
1382,2158,358.61,923,317.72
1383,1862,199.94,901,310.22
1384,2106,330.73,919,316.30
1385,2046,298.57,915,314.77
1386,2041,295.89,914,314.63
1387,2065,308.76,915,315.07
1388,2061,306.61,915,315.02
1389,2224,393.99,927,319.15
1390,1499,5.36,874,300.84
1391,2069,310.90,914,314.67
1392,2027,288.39,911,313.51
1393,2032,291.07,911,313.52
1394,2054,302.86,912,314.00
1395,2116,336.09,917,315.53
1396,2042,296.43,911,313.65
1397,2057,304.47,911,313.76
1398,2058,305.00,911,313.71
1399,2144,351.10,918,316.03
1400,2053,302.32,911,313.66
1401,1991,269.09,906,311.94
1402,2037,293.75,909,312.93
1403,2077,315.19,911,313.72
1404,2117,336.63,915,314.91
1405,2035,292.68,908,312.75
1406,2023,286.24,907,312.35
1407,1952,248.18,901,310.42
1408,2029,289.46,907,312.17
1409,2022,285.71,906,311.85
1410,2064,308.22,908,312.58
1411,2065,308.76,910,313.16
1412,2064,308.22,909,313.07
1413,1843,189.76,893,307.40
1414,2069,310.90,909,312.88
1415,2047,299.11,907,312.27
1416,2057,304.47,907,312.37
1417,2045,298.04,906,312.00
1418,2011,279.81,903,311.05
1419,2041,295.89,905,311.68
1420,2089,321.62,908,312.70
1421,2128,342.53,911,313.65
1422,2019,284.10,903,310.95
1423,2054,302.86,905,311.75
1424,2030,290.00,903,311.05
1425,2032,291.07,903,310.91
1426,2034,292.14,903,310.88
1427,2091,322.69,907,312.26
1428,2042,296.43,903,311.10
1429,2058,305.00,904,311.46
1430,1968,256.76,898,309.14
1431,2081,317.33,906,311.86
1432,2018,283.56,901,310.19
1433,2069,310.90,904,311.35
1434,2443,511.38,933,321.09
1435,1992,269.63,900,309.97
1436,2037,293.75,903,311.01
1437,2037,293.75,903,310.94
1438,2096,325.37,907,312.40
1439,2034,292.14,903,310.88
1440,2055,303.40,904,311.38
1441,2070,311.44,905,311.70
1442,2034,292.14,902,310.69
1443,1996,271.77,899,309.70
1444,2078,315.73,905,311.70
1445,2021,285.17,901,310.27
1446,2042,296.43,902,310.78
1447,2036,293.21,902,310.62
1448,2069,310.90,904,311.39
1449,2018,283.56,900,310.10
1450,1968,256.76,896,308.76
1451,2053,302.32,903,310.91
1452,2025,287.32,900,310.15
1453,2060,306.08,903,311.04
1454,2012,280.35,899,309.80
1455,1976,261.05,895,308.34
1456,2038,294.28,899,309.85
1457,2017,283.03,898,309.26
1458,2036,293.21,899,309.66
1459,1936,239.61,891,306.98
1460,2031,290.53,898,309.22
1461,2073,313.05,900,310.19
1462,2020,284.64,896,308.76
1463,2018,283.56,896,308.62
1464,2017,283.03,896,308.54
1465,2014,281.42,895,308.32
1466,2024,286.78,895,308.48
1467,2073,313.05,899,309.62
1468,2036,293.21,896,308.63
1469,2037,293.75,895,308.52
1470,1840,188.15,880,303.42
1471,2101,328.05,899,309.83
1472,2052,301.79,895,308.53
1473,2154,356.46,903,311.05
1474,2068,310.37,896,308.86
1475,2070,311.44,896,308.86
1476,2014,281.42,892,307.46
1477,2063,307.68,896,308.60
1478,2046,298.57,894,308.13
1479,2065,308.76,895,308.54
1480,1984,265.34,889,306.55
1481,2064,308.22,895,308.46
1482,2036,293.21,893,307.67
1483,2034,292.14,892,307.56
1484,1985,265.87,889,306.26
1485,2043,296.96,893,307.63
1486,2030,290.00,892,307.27
1487,2022,285.71,891,307.01
1488,2074,313.58,894,308.21
1489,2058,305.00,893,307.78
1490,2047,299.11,892,307.47
1491,2094,324.30,896,308.86
1492,2051,301.25,893,307.71
1493,2272,419.72,909,313.32
1494,2047,299.11,893,307.68
1495,2044,297.50,892,307.55
1496,2021,285.17,890,306.90
1497,2084,318.94,895,308.48
1498,2051,301.25,893,307.63
1499,2025,287.32,891,306.95
1500,2017,283.03,890,306.67
1501,2029,289.46,891,306.98
1502,2042,296.43,891,307.24
1503,2064,308.22,893,307.78
1504,1958,251.40,885,305.08
1505,2039,294.82,891,307.10
1506,2019,284.10,889,306.56
1507,2030,290.00,890,306.81
1508,2051,301.25,892,307.33
1509,2016,282.49,889,306.40
1510,2118,337.17,896,308.94
1511,2045,298.04,891,307.14
1512,2032,291.07,890,306.73
1513,2045,298.04,891,307.01
1514,2042,296.43,890,306.64
1515,2080,316.80,892,307.56
1516,2034,292.14,889,306.38
1517,2076,314.65,892,307.43
1518,2041,295.89,889,306.49
1519,2038,294.28,889,306.36
1520,2039,294.82,889,306.35
1521,2045,298.04,889,306.49
1522,2034,292.14,888,306.19
1523,2033,291.60,888,306.11
1524,2039,294.82,888,306.19
1525,2029,289.46,888,305.98
1526,2057,304.47,890,306.65
1527,2044,297.50,889,306.32
1528,2060,306.08,890,306.70
1529,2061,306.61,890,306.70
1530,2032,291.07,888,305.97
1531,2046,298.57,888,306.19
1532,2099,326.98,892,307.50
1533,2032,291.07,887,305.82
1534,2016,282.49,886,305.36
1535,2077,315.19,890,306.85
1536,2032,291.07,887,305.67
1537,2043,296.96,887,305.92
1538,2018,283.56,885,305.21
1539,2055,303.40,888,306.09
1540,2028,288.92,886,305.39
1541,2068,310.37,889,306.37
1542,2037,293.75,886,305.57
1543,2055,303.40,888,306.00
1544,2055,303.40,888,305.99
1545,2034,292.14,886,305.45
1546,2037,293.75,886,305.50
1547,2033,291.60,886,305.34
1548,2038,294.28,886,305.42
1549,2039,294.82,886,305.39
1550,2069,310.90,888,306.09
1551,2060,306.08,887,305.87
1552,2029,289.46,885,305.06
1553,2020,284.64,884,304.71
1554,2041,295.89,885,305.20
1555,2016,282.49,883,304.55
1556,2032,291.07,884,304.85
1557,2033,291.60,884,304.84
1558,2032,291.07,884,304.76
1559,2032,291.07,884,304.74
1560,2042,296.43,884,304.93
1561,2064,308.22,886,305.47
1562,2036,293.21,884,304.71
1563,2022,285.71,883,304.31
1564,2003,275.52,881,303.75
1565,1977,261.59,879,302.98
1566,2032,291.07,882,304.26
1567,2064,308.22,885,305.02
1568,2015,281.96,881,303.75
1569,2042,296.43,883,304.36
1570,2030,290.00,882,304.01
1571,2089,321.62,886,305.42
1572,2045,298.04,882,304.27
1573,2007,277.67,879,303.26
1574,2054,302.86,883,304.39
1575,2016,282.49,880,303.39
1576,2061,306.61,883,304.48
1577,2134,345.74,888,306.33
1578,2029,289.46,881,303.72
1579,2018,283.56,880,303.39
1580,2020,284.64,880,303.37
1581,2044,297.50,881,303.91
1582,2053,302.32,882,304.07
1583,2032,291.07,880,303.50
1584,2038,294.28,880,303.61
1585,2011,279.81,878,302.92
1586,2078,315.73,883,304.63
1587,2033,291.60,880,303.50
1588,2057,304.47,882,304.04
1589,2040,295.36,880,303.62
1590,2006,277.13,878,302.71
1591,2014,281.42,878,302.85
1592,2081,317.33,883,304.44
1593,2030,290.00,879,303.15
1594,2030,290.00,879,303.14
1595,1971,258.37,874,301.58
1596,2022,285.71,878,302.79
1597,2041,295.89,879,303.20
1598,2041,295.89,879,303.05
1599,2023,286.24,877,302.56
1600,2006,277.13,876,302.08
1601,2031,290.53,877,302.66
1602,2160,359.68,887,305.89
1603,2063,307.68,880,303.50
1604,2042,296.43,878,302.97
1605,2042,296.43,878,302.94
1606,2054,302.86,879,303.25
1607,2037,293.75,878,302.75
1608,2039,294.82,878,302.76
1609,1998,272.84,874,301.65
1610,2106,330.73,882,304.32
1611,2045,298.04,878,302.84
1612,2035,292.68,877,302.58
1613,2014,281.42,875,301.96
1614,1971,258.37,872,300.80
1615,2015,281.96,875,301.81
1616,2052,301.79,878,302.77
1617,2030,290.00,876,302.21
1618,1970,257.83,871,300.63
1619,2064,308.22,878,302.91
1620,2042,296.43,876,302.37
1621,2079,316.26,879,303.32
1622,2032,291.07,876,302.16
1623,2054,302.86,877,302.54
1624,2320,445.45,897,309.28
1625,2037,293.75,876,302.36
1626,2016,282.49,875,301.80
1627,2131,344.14,883,304.66
1628,2043,296.96,877,302.51
1629,2043,296.96,877,302.50
1630,2015,281.96,875,301.82
1631,2226,395.06,890,307.09
1632,2032,291.07,876,302.34
1633,2074,313.58,879,303.40
1634,2054,302.86,878,302.96
1635,2059,305.54,879,303.19
1636,2032,291.07,877,302.57
1637,2021,285.17,876,302.28
1638,2025,287.32,876,302.38
1639,1970,257.83,872,301.06
1640,2052,301.79,878,303.07
1641,2062,307.15,879,303.35
1642,1972,258.91,872,301.06
1643,2081,317.33,880,303.79
1644,2096,325.37,882,304.23
1645,2036,293.21,876,302.46
1646,2030,290.00,876,302.31
1647,2018,283.56,875,302.03
1648,2037,293.75,876,302.39
1649,2041,295.89,876,302.48
1650,2032,291.07,876,302.25
1651,2082,317.87,880,303.55
1652,1985,265.87,872,300.91
1653,2011,279.81,874,301.50
1654,2045,298.04,876,302.28
1655,1997,272.31,872,301.02
1656,2017,283.03,873,301.43
1657,2064,308.22,877,302.57
1658,2235,399.88,890,306.95
1659,2017,283.03,874,301.61
1660,2046,298.57,876,302.37
1661,1844,190.29,861,297.18
1662,2039,294.82,875,301.87
1663,2017,283.03,873,301.34
1664,2032,291.07,874,301.61
1665,2055,303.40,875,302.07
1666,2109,332.34,879,303.43
1667,2054,302.86,875,302.08
1668,2064,308.22,876,302.34
1669,2078,315.73,877,302.69
1670,2032,291.07,874,301.53
1671,2064,308.22,876,302.31
1672,2031,290.53,873,301.41
1673,2035,292.68,874,301.54
1674,1904,222.46,864,298.19
1675,1897,218.70,863,297.82
1676,2032,291.07,872,301.12
1677,1993,270.16,869,300.11
1678,2030,290.00,872,300.93
1679,2027,288.39,871,300.57
1680,2025,287.32,871,300.47
1681,2014,281.42,869,300.10
1682,2032,291.07,871,300.70
1683,2023,286.24,870,300.41
1684,2019,284.10,870,300.26
1685,2061,306.61,873,301.27
1686,1823,179.04,855,295.16
1687,2017,283.03,868,299.72
1688,2032,291.07,869,299.99
1689,1907,224.06,859,296.68
1690,2013,280.88,866,299.10
1691,2063,307.68,870,300.26
1692,2018,283.56,866,299.02
1693,2010,279.27,865,298.70
1694,1996,271.77,864,298.21
1695,2054,302.86,868,299.69
1696,2042,296.43,867,299.47
1697,1904,222.46,857,295.87
1698,2026,287.85,865,298.78
1699,2035,292.68,866,298.91
1700,2015,281.96,864,298.32
1701,2041,295.89,866,298.88
1702,2032,291.07,865,298.59
1703,1968,256.76,860,296.86
1704,2129,343.06,871,300.80
1705,2032,291.07,864,298.35
1706,2064,308.22,866,299.03
1707,2076,314.65,868,299.52
1708,2009,278.74,863,297.80
1709,2064,308.22,866,299.10
1710,1991,269.09,861,297.35
1711,2101,328.05,869,300.07
1712,2096,325.37,869,299.94
1713,2073,313.05,867,299.39
1714,2107,331.27,870,300.29
1715,2034,292.14,865,298.53
1716,2039,294.82,865,298.60
1717,2077,315.19,868,299.53
1718,2064,308.22,867,299.37
1719,2155,357.00,874,301.73
1720,2082,317.87,869,300.00
1721,2064,308.22,868,299.62
1722,2112,333.95,872,300.88
1723,2080,316.80,870,300.17
1724,2416,496.91,895,308.90
1725,2102,328.59,873,301.27
1726,2063,307.68,870,300.42
1727,2128,342.53,875,302.14
1728,2112,333.95,874,301.86
1729,2099,326.98,874,301.72
1730,2039,294.82,870,300.32
1731,2022,285.71,869,300.02
1732,2066,309.29,872,301.14
1733,2059,305.54,872,301.02
1734,2224,393.99,885,305.31
1735,2157,358.07,880,303.84
1736,2094,324.30,876,302.48
1737,2064,308.22,875,301.90
1738,2071,311.97,875,302.20
1739,2081,317.33,877,302.58
1740,2106,330.73,879,303.26
1741,2074,313.58,877,302.60
1742,2021,285.17,873,301.39
1743,2042,296.43,875,301.95
1744,2054,302.86,876,302.34
1745,2063,307.68,876,302.26
1746,2078,315.73,877,302.69
1747,2077,315.19,877,302.77
1748,2037,293.75,874,301.78
1749,1904,222.46,864,298.38
1750,2062,307.15,876,302.26
1751,2099,326.98,879,303.29
1752,2033,291.60,874,301.77
1753,1911,226.21,865,298.68
1754,2042,296.43,875,301.91
1755,2071,311.97,876,302.49
1756,1891,215.49,863,297.83
1757,2063,307.68,875,302.00
1758,2074,313.58,876,302.29
1759,2106,330.73,878,303.11
1760,2087,320.55,877,302.65
1761,2115,335.56,879,303.33
1762,2099,326.98,878,302.96
1763,1894,217.09,863,297.80
1764,2054,302.86,874,301.69
1765,2061,306.61,874,301.84
1766,2110,332.88,878,303.07
1767,2112,333.95,878,303.14
1768,2066,309.29,875,301.98
1769,2032,291.07,872,301.12
1770,2060,306.08,875,301.97
1771,2131,344.14,880,303.76
1772,2086,320.01,877,302.64
1773,2038,294.28,873,301.46
1774,2084,318.94,877,302.76
1775,2064,308.22,876,302.29
1776,2171,365.58,884,305.01
1777,2084,318.94,878,303.13
1778,1910,225.67,865,298.75
1779,2087,320.55,878,303.10
1780,2070,311.44,877,302.66
1781,2113,334.49,880,303.76
1782,1613,66.47,843,291.02
1783,2138,347.89,880,303.85
1784,2107,331.27,879,303.35
1785,2079,316.26,877,302.71
1786,2067,309.83,876,302.44
1787,2091,322.69,878,303.03
1788,2095,324.84,878,303.12
1789,2130,343.60,881,304.07
1790,2097,325.91,879,303.37
1791,2146,352.18,883,304.69
1792,2121,338.77,881,304.09
1793,2063,307.68,877,302.68
1794,2079,316.26,878,303.15
1795,2098,326.45,880,303.65
1796,2069,310.90,878,302.98
1797,2091,322.69,879,303.44
1798,2078,315.73,878,303.13
1799,2143,350.57,884,304.99
1800,2080,316.80,879,303.48
1801,2124,340.38,883,304.64
1802,2207,384.87,889,306.80
1803,2045,298.04,879,303.41
1804,2087,320.55,882,304.47
1805,2064,308.22,881,303.93
1806,2117,336.63,885,305.34
1807,2071,311.97,882,304.31
1808,2086,320.01,883,304.75
1809,2096,325.37,884,305.08
1810,2090,322.16,884,304.98
1811,2121,338.77,886,305.85
1812,2079,316.26,883,304.83
1813,2073,313.05,883,304.71
1814,2041,295.89,881,303.99
1815,2096,325.37,885,305.43
1816,1928,235.32,873,301.23
1817,2091,322.69,885,305.31
1818,2060,306.08,883,304.61
1819,2094,324.30,885,305.54
1820,2069,310.90,884,304.93
1821,2147,352.71,890,306.99
1822,2076,314.65,885,305.29
1823,2093,323.77,886,305.66
1824,2101,328.05,887,305.97
1825,2069,310.90,885,305.22
1826,2064,308.22,884,305.15
1827,2062,307.15,884,305.09
1828,2064,308.22,884,305.18
1829,2032,291.07,882,304.39
1830,2085,319.48,886,305.71
1831,2128,342.53,889,306.84
1832,2079,316.26,886,305.64
1833,2115,335.56,889,306.59
1834,1940,241.75,876,302.22
1835,2048,299.64,884,304.89
1836,2098,326.45,887,306.14
1837,2089,321.62,887,306.14
1838,2078,315.73,887,305.90
1839,2098,326.45,888,306.47
1840,2087,320.55,888,306.24
1841,2109,332.34,889,306.86
1842,2110,332.88,889,306.88
1843,2102,328.59,889,306.75
1844,2083,318.41,888,306.32
1845,2098,326.45,889,306.72
1846,2093,323.77,889,306.66
1847,2087,320.55,889,306.58
1848,2099,326.98,890,306.96
1849,2094,324.30,890,306.91
1850,2075,314.12,889,306.55
1851,2145,351.64,894,308.38
1852,2070,311.44,889,306.53
1853,2053,302.32,887,306.14
1854,2093,323.77,890,307.14
1855,2101,328.05,892,307.58
1856,2017,283.03,886,305.57
1857,1954,249.26,881,303.93
1858,2095,324.84,891,307.42
1859,2155,357.00,896,309.03
1860,2087,320.55,891,307.41
1861,2146,352.18,896,308.98
1862,2000,273.91,885,305.35
1863,2098,326.45,892,307.78
1864,2075,314.12,891,307.24
1865,2080,316.80,891,307.41
1866,2103,329.13,893,308.03
1867,2058,305.00,890,306.95
1868,2054,302.86,890,306.86
1869,2091,322.69,892,307.80
1870,2077,315.19,891,307.49
1871,2187,374.15,900,310.34
1872,2086,320.01,892,307.86
1873,2096,325.37,893,308.18
1874,2086,320.01,893,308.02
1875,2109,332.34,895,308.65
1876,2103,329.13,894,308.54
1877,2034,292.14,890,306.92
1878,2102,328.59,895,308.80
1879,2099,326.98,895,308.79
1880,2094,324.30,895,308.65
1881,2135,346.28,898,309.76
1882,2082,317.87,894,308.44
1883,2184,372.55,902,311.19
1884,2081,317.33,895,308.73
1885,2054,302.86,893,308.11
1886,1951,247.65,885,305.51
1887,1934,238.54,884,304.96
1888,2100,327.52,896,309.10
1889,2103,329.13,896,309.29
1890,2090,322.16,896,309.02
1891,2097,325.91,896,309.28
1892,2089,321.62,896,309.02
1893,2099,326.98,897,309.33
1894,2090,322.16,896,309.16
1895,2099,326.98,897,309.44
1896,2064,308.22,894,308.58
1897,2075,314.12,895,308.87
1898,2064,308.22,895,308.68
1899,2112,333.95,898,309.90
1900,2095,324.84,897,309.52
1901,2154,356.46,902,311.06
1902,2092,323.23,897,309.54
1903,2083,318.41,897,309.37
1904,2070,311.44,895,308.95
1905,2011,279.81,891,307.45
1906,2080,316.80,896,309.18
1907,2086,320.01,897,309.51
1908,2083,318.41,897,309.65
1909,2088,321.09,898,309.80
1910,2103,329.13,899,310.21
1911,2142,350.03,902,311.26
1912,2077,315.19,898,309.70
1913,2143,350.57,903,311.42
1914,2094,324.30,899,310.26
1915,2111,333.41,901,310.75
1916,2081,317.33,899,310.05
1917,2073,313.05,898,309.91
1918,2096,325.37,900,310.55
1919,2097,325.91,900,310.66
1920,2117,336.63,902,311.21
1921,1993,270.16,893,308.13
1922,2148,353.25,904,311.94
1923,2063,307.68,898,309.89
1924,2092,323.23,900,310.65
1925,2091,322.69,900,310.71
1926,2084,318.94,900,310.69
1927,2094,324.30,901,311.01
1928,2187,374.15,908,313.46
1929,2096,325.37,902,311.32
1930,2063,307.68,900,310.55
1931,2095,324.84,902,311.38
1932,2064,308.22,900,310.59
1933,2072,312.51,901,310.84
1934,1994,270.70,895,308.82
1935,2078,315.73,901,310.90
1936,2063,307.68,900,310.52
1937,2130,343.60,905,312.25
1938,2083,318.41,902,311.17
1939,2092,323.23,902,311.43
1940,2038,294.28,898,310.08
1941,2128,342.53,905,312.33
1942,2095,324.84,903,311.68
1943,2087,320.55,902,311.47
1944,2078,315.73,902,311.31
1945,2078,315.73,902,311.34
1946,2073,313.05,902,311.25
1947,2092,323.23,903,311.76
1948,2071,311.97,902,311.26
1949,2101,328.05,904,311.92
1950,2076,314.65,902,311.31
1951,2192,376.83,911,314.31
1952,2128,342.53,906,312.81
1953,2081,317.33,903,311.72
1954,2106,330.73,905,312.40
1955,2090,322.16,904,312.16
1956,2079,316.26,904,311.94
1957,2018,283.56,899,310.45
1958,1704,115.25,876,302.35
1959,2086,320.01,903,311.68
1960,2078,315.73,902,311.49
1961,2103,329.13,904,312.19
1962,2095,324.84,904,311.98
1963,2067,309.83,902,311.28
1964,2097,325.91,904,312.04
1965,2064,308.22,902,311.23
1966,2097,325.91,904,312.07
1967,2071,311.97,902,311.44
1968,2100,327.52,904,312.17
1969,1687,106.14,874,301.67
1970,2080,316.80,902,311.21
1971,2124,340.38,905,312.33
1972,2082,317.87,901,311.17
1973,2021,285.17,897,309.53
1974,2069,310.90,900,310.65
1975,2090,322.16,901,311.10
1976,2091,322.69,901,311.08
1977,2075,314.12,900,310.63
1978,2160,359.68,906,312.81
1979,2083,318.41,902,311.34
1980,2168,363.97,908,313.50
1981,2134,345.74,906,312.72
1982,2086,320.01,903,311.52
1983,2075,314.12,902,311.22
1984,2083,318.41,902,311.42
1985,2077,315.19,902,311.24
1986,2047,299.11,899,310.47
1987,2085,319.48,902,311.37
1988,2067,309.83,901,310.90
1989,2003,275.52,896,309.21
1990,2086,320.01,903,311.69
1991,2126,341.46,906,312.73
1992,2092,323.23,904,311.88
1993,2047,299.11,900,310.77
1994,2102,328.59,905,312.23
1995,2167,363.43,910,313.97
1996,2090,322.16,904,312.14
1997,2078,315.73,904,311.88
1998,2030,290.00,900,310.71
1999,2075,314.12,903,311.76
2000,2112,333.95,906,312.73
2001,2138,347.89,908,313.36
2002,2073,313.05,903,311.73
2003,2106,330.73,906,312.58
2004,2101,328.05,905,312.52
2005,2096,325.37,905,312.44
2006,2112,333.95,907,312.91
2007,2070,311.44,904,311.95
2008,2117,336.63,907,313.18
2009,2082,317.87,905,312.39
2010,2096,325.37,907,312.90
2011,2138,347.89,910,314.03
2012,2068,310.37,905,312.31
2013,2078,315.73,906,312.58
2014,2123,339.85,909,313.82
2015,2075,314.12,906,312.67
2016,2004,276.06,900,310.79
2017,2064,308.22,905,312.26
2018,2090,322.16,907,312.94
2019,2080,316.80,906,312.79
2020,2026,287.85,902,311.46
2021,2122,339.31,909,313.85
2022,2081,317.33,906,312.83
2023,2059,305.54,905,312.32
2024,2080,316.80,906,312.84
2025,2064,308.22,905,312.45
2026,2064,308.22,905,312.45
2027,2089,321.62,907,313.07
2028,2069,310.90,906,312.61
2029,2080,316.80,906,312.86
2030,2096,325.37,908,313.30
2031,2288,428.29,922,318.22
2032,2082,317.87,907,313.16
2033,2071,311.97,907,312.92
2034,2069,310.90,906,312.88
2035,2106,330.73,909,313.78
2036,1895,217.63,893,308.45
2037,2080,316.80,907,313.06
2038,2058,305.00,905,312.54
2039,2085,319.48,907,313.21
2040,2113,334.49,909,313.94
2041,2117,336.63,910,314.16
2042,2088,321.09,908,313.43
2043,2059,305.54,906,312.72
2044,1744,136.69,882,304.70
2045,2110,332.88,909,313.66
2046,2096,325.37,908,313.36
2047,2066,309.29,906,312.63
2048,2094,324.30,908,313.33
2049,2065,308.76,906,312.62
2050,2087,320.55,907,313.17
2051,2102,328.59,908,313.55
2052,2065,308.76,905,312.38
2053,2064,308.22,905,312.32
2054,2000,273.91,900,310.66
2055,2054,302.86,904,311.93
2056,1886,212.81,891,307.55
2057,2096,325.37,906,312.87
2058,2066,309.29,904,312.10
2059,2096,325.37,906,312.84
2060,2083,318.41,905,312.49
2061,2097,325.91,906,312.78
2062,2062,307.15,903,311.82
2063,2090,322.16,905,312.46
2064,2016,282.49,900,310.56
2065,2062,307.15,904,312.01
2066,2081,317.33,905,312.42
2067,2146,352.18,910,314.03
2068,2237,400.96,917,316.42
2069,2083,318.41,906,312.64
2070,2082,317.87,906,312.61
2071,2096,325.37,907,312.94
2072,2105,330.20,907,313.14
2073,2096,325.37,907,312.95
2074,2092,323.23,906,312.88
2075,2093,323.77,907,313.01
2076,1925,233.71,894,308.77
2077,1504,8.04,863,298.08
2078,2062,307.15,903,311.62
2079,2077,315.19,904,311.98
2080,2077,315.19,904,311.94
2081,2023,286.24,900,310.54
2082,2101,328.05,905,312.42
2083,2077,315.19,903,311.84
2084,2073,313.05,903,311.71
2085,2250,407.92,916,316.28
2086,1984,265.34,897,309.69
2087,2078,315.73,904,311.96
2088,2058,305.00,902,311.36
2089,2113,334.49,905,312.52
2090,2078,315.73,903,311.62
2091,2105,330.20,905,312.26
2092,2057,304.47,901,311.00
2093,2096,325.37,904,311.90
2094,2071,311.97,902,311.21
2095,2453,516.74,930,320.88
2096,2082,317.87,903,311.78
2097,2085,319.48,904,312.00
2098,2075,314.12,905,312.41
2099,2067,309.83,905,312.25
2100,2043,296.96,903,311.64
2101,2103,329.13,907,313.16
2102,2098,326.45,907,313.16
2103,2094,324.30,907,313.09
2104,2063,307.68,905,312.36
2105,2076,314.65,906,312.72
2106,2070,311.44,905,312.40
2107,2064,308.22,905,312.38
2108,2084,318.94,907,312.91
2109,2015,281.96,902,311.22
2110,2077,315.19,906,312.74
2111,2128,342.53,910,314.10
2112,2055,303.40,905,312.32
2113,2071,311.97,906,312.79
2114,2075,314.12,907,312.94
2115,2064,308.22,906,312.74
2116,2164,361.82,912,314.90
2117,2080,316.80,907,312.91
2118,2069,310.90,906,312.67
2119,2082,317.87,907,313.01
2120,2096,325.37,908,313.41
2121,2128,342.53,911,314.31
2122,2176,368.26,914,315.59
2123,2083,318.41,908,313.33
2124,2074,313.58,907,313.11
2125,2093,323.77,909,313.63
2126,2060,306.08,906,312.83
2127,2014,281.42,903,311.68
2128,2059,305.54,906,312.79
2129,2073,313.05,907,313.14
2130,2096,325.37,909,313.82
2131,2148,353.25,913,315.20
2132,2069,310.90,908,313.24
2133,2032,291.07,905,312.34
2134,2016,282.49,904,311.91
2135,2072,312.51,908,313.29
2136,2068,310.37,907,313.21
2137,2038,294.28,905,312.37
2138,2068,310.37,907,313.11
2139,2040,295.36,905,312.41
2140,2070,311.44,907,313.15
2141,2113,334.49,910,314.24
2142,2182,371.47,916,315.99
2143,2058,305.00,906,312.85
2144,2077,315.19,908,313.31
2145,2067,309.83,907,313.06
2146,2033,291.60,904,312.17
2147,2063,307.68,906,312.90
2148,2071,311.97,907,313.17
2149,2199,380.59,917,316.45
2150,2038,294.28,905,312.50
2151,2112,333.95,911,314.32
2152,2042,296.43,905,312.50
2153,2051,301.25,906,312.69
2154,2068,310.37,907,313.14
2155,2080,316.80,908,313.51
2156,2015,281.96,903,311.86
2157,2193,377.37,916,316.34
2158,2039,294.82,905,312.59
2159,2032,291.07,905,312.39
2160,2030,290.00,905,312.34
2161,2123,339.85,912,314.67
2162,2067,309.83,907,313.27
2163,2090,322.16,909,313.72
2164,2043,296.96,905,312.56
2165,2038,294.28,905,312.40
2166,2077,315.19,908,313.37
2167,2059,305.54,907,312.96
2168,2057,304.47,906,312.92
2169,2071,311.97,907,313.26
2170,2064,308.22,906,312.93
2171,2150,354.32,913,315.15
2172,2084,318.94,908,313.50
2173,2095,324.84,909,313.83
2174,2078,315.73,908,313.45
2175,2077,315.19,908,313.44
2176,2103,329.13,910,314.10
2177,2074,313.58,908,313.47
2178,2095,324.84,909,313.86
2179,2065,308.76,907,313.16
2180,2031,290.53,905,312.33
2181,2112,333.95,911,314.39
2182,2073,313.05,908,313.39
2183,2054,302.86,906,312.91
2184,2137,347.35,912,314.99
2185,2590,590.18,947,326.66
2186,2069,310.90,910,314.05
2187,2080,316.80,911,314.36
2188,2053,302.32,909,313.74
2189,2059,305.54,909,313.93
2190,2078,315.73,911,314.44
2191,2090,322.16,912,314.82
2192,2071,311.97,911,314.32
2193,2033,291.60,908,313.39
2194,2032,291.07,908,313.35
2195,2036,293.21,908,313.44
2196,2078,315.73,911,314.52
2197,2082,317.87,912,314.64
2198,2032,291.07,908,313.42
2199,2077,315.19,911,314.54
2200,2079,316.26,912,314.66
2201,2096,325.37,913,315.21
2202,2062,307.15,911,314.38
2203,2064,308.22,911,314.47
2204,2033,291.60,909,313.76
2205,2082,317.87,913,314.95
2206,2064,308.22,910,313.93
2207,2057,304.47,909,313.75
2208,2064,308.22,909,313.90
2209,2133,345.21,915,315.67
2210,2065,308.76,910,314.02
2211,2114,335.02,913,315.25
2212,2098,326.45,912,314.86
2213,1984,265.34,904,311.97
2214,2032,291.07,907,313.13
2215,2067,309.83,910,314.01
2216,2030,290.00,907,313.10
2217,2032,291.07,907,313.08
2218,2074,313.58,910,314.08
2219,2059,305.54,909,313.73
2220,2077,315.19,910,314.15
2221,2101,328.05,912,314.73
2222,2147,352.71,915,315.89
2223,2066,309.29,909,313.89
2224,2083,318.41,911,314.30
2225,2086,320.01,911,314.40
2226,2059,305.54,909,313.68
2227,2086,320.01,911,314.36
2228,2087,320.55,911,314.42
2229,2092,323.23,911,314.57
2230,2055,303.40,908,313.57
2231,2102,328.59,912,314.75
2232,2087,320.55,911,314.34
2233,2060,306.08,909,313.63
2234,2082,317.87,911,314.27
2235,2085,319.48,911,314.40
2236,2063,307.68,909,313.86
2237,2061,306.61,909,313.84
2238,2035,292.68,907,313.22
2239,2071,311.97,910,314.09
2240,2047,299.11,908,313.50
2241,2115,335.56,913,315.20
2242,2043,296.96,908,313.39
2243,2039,294.82,907,313.17
2244,2061,306.61,909,313.69
2245,2082,317.87,910,314.20
2246,2143,350.57,915,315.75
2247,2064,308.22,909,313.83
2248,2031,290.53,907,312.96
2249,2166,362.90,917,316.34
2250,2064,308.22,909,313.82
2251,2130,343.60,914,315.52
2252,2032,291.07,907,313.05
2253,2064,308.22,909,313.81
2254,2053,302.32,908,313.54
2255,2096,325.37,911,314.60
2256,2044,297.50,908,313.28
2257,2038,294.28,907,313.10
2258,2097,325.91,911,314.57
2259,2082,317.87,910,314.25
2260,2153,355.93,916,316.07
2261,1995,271.23,904,312.16
2262,2091,322.69,911,314.47
2263,2071,311.97,910,314.01
2264,2070,311.44,910,314.02
2265,2063,307.68,909,313.86
2266,2077,315.19,910,314.20
2267,2045,298.04,908,313.31
2268,2067,309.83,909,313.85
2269,2064,308.22,909,313.81
2270,2070,311.44,909,313.84
2271,2012,280.35,905,312.36
2272,2558,573.02,945,326.15
2273,2039,294.82,908,313.53
2274,1998,272.84,905,312.47
2275,2034,292.14,908,313.34
2276,2042,296.43,908,313.48
2277,2045,298.04,908,313.57
2278,2046,298.57,908,313.61
2279,2027,288.39,907,313.08
2280,2076,314.65,910,314.28
2281,2103,329.13,912,314.88
2282,2106,330.73,913,315.09
2283,2064,308.22,910,314.04
2284,2139,348.42,915,315.96
2285,2071,311.97,910,314.32
2286,2067,309.83,910,314.24
2287,2064,308.22,910,314.16
2288,2063,307.68,910,314.18
2289,2073,313.05,911,314.45
2290,2065,308.76,910,314.28
2291,2071,311.97,911,314.45
2292,2041,295.89,909,313.78
2293,2037,293.75,907,313.09
2294,2080,316.80,910,314.17
2295,1988,267.48,903,311.90
2296,2062,307.15,909,313.72
2297,2042,296.43,907,313.22
2298,2107,331.27,912,314.87
2299,2075,314.12,910,314.11
2300,2029,289.46,907,312.98
2301,2092,323.23,911,314.53
2302,2044,297.50,907,313.29
2303,2055,303.40,908,313.48
2304,2070,311.44,909,313.84
2305,2051,301.25,907,313.25
2306,2062,307.15,908,313.48
2307,2001,274.45,903,311.89
2308,2090,322.16,910,314.05
2309,2082,317.87,909,313.84
2310,2067,309.83,908,313.43
2311,2093,323.77,910,314.05
2312,1987,266.95,902,311.33
2313,2087,320.55,909,313.77
2314,2035,292.68,905,312.47
2315,2034,292.14,905,312.36
2316,2057,304.47,907,312.97
2317,2059,305.54,907,312.99
2318,2033,291.60,905,312.31
2319,2067,309.83,907,313.06
2320,1876,207.45,892,308.14
2321,2109,332.34,909,313.85
2322,2042,296.43,904,312.11
2323,2064,308.22,906,312.61
2324,2042,296.43,904,312.01
2325,2065,308.76,905,312.51
2326,2102,328.59,908,313.42
2327,2064,308.22,905,312.45
2328,2042,296.43,904,311.91
2329,2054,302.86,904,312.12
2330,2085,319.48,906,312.83
2331,2112,333.95,908,313.49
2332,2038,294.28,903,311.57
2333,2051,301.25,904,311.92
2334,2076,314.65,905,312.46
2335,2038,294.28,902,311.49
2336,2078,315.73,905,312.47
2337,2054,302.86,903,311.84
2338,2064,308.22,904,312.04
2339,2046,298.57,903,311.57
2340,2059,305.54,903,311.83
2341,2106,330.73,907,313.20
2342,2090,322.16,906,312.76
2343,2039,294.82,902,311.49
2344,2053,302.32,903,311.80
2345,2066,309.29,904,312.12
2346,2032,291.07,902,311.23
2347,2094,324.30,906,312.71
2348,2083,318.41,905,312.44
2349,2074,313.58,904,312.24
2350,2107,331.27,907,313.08
2351,2066,309.29,904,312.05
2352,2064,308.22,904,311.93
2353,2046,298.57,902,311.49
2354,2028,288.92,901,311.01
2355,2007,277.67,899,310.40
2356,2034,292.14,901,311.04
2357,2074,313.58,904,311.99
2358,2059,305.54,903,311.62
2359,2064,308.22,903,311.72
2360,2101,328.05,906,312.68
2361,2089,321.62,905,312.41
2362,2068,310.37,903,311.84
2363,2055,303.40,902,311.46
2364,2043,296.96,901,311.15
2365,2038,294.28,901,310.99
2366,2062,307.15,903,311.55
2367,2059,305.54,902,311.49
2368,2059,305.54,902,311.43
2369,2076,314.65,903,311.82
2370,2064,308.22,902,311.49
2371,2095,324.84,904,312.21
2372,2064,308.22,902,311.43
2373,1878,208.52,888,306.65
2374,2043,296.96,900,310.64
2375,2032,291.07,899,310.34
2376,1967,256.23,894,308.68
2377,2085,319.48,903,311.58
2378,2060,306.08,901,310.92
2379,2064,308.22,901,310.99
2380,2067,309.83,901,311.03
2381,2085,319.48,902,311.41
2382,2069,310.90,901,310.95
2383,2057,304.47,900,310.60
2384,2042,296.43,898,310.18
2385,2045,298.04,899,310.21
2386,2020,284.64,897,309.53
2387,2061,306.61,899,310.49
2388,2075,314.12,900,310.79
2389,2123,339.85,904,311.99
2390,1895,217.63,887,306.18
2391,2091,322.69,901,310.93
2392,2054,302.86,898,309.92
2393,2043,296.96,897,309.57
2394,1963,254.08,891,307.67
2395,2043,296.96,897,309.57
2396,2045,298.04,897,309.58
2397,2054,302.86,898,309.85
2398,2043,296.96,897,309.49
2399,2034,292.14,896,309.19
2400,2054,302.86,897,309.62
2401,2090,322.16,900,310.47
2402,2072,312.51,898,309.97
2403,2064,308.22,897,309.72
2404,2069,310.90,898,309.80
2405,2076,314.65,898,309.96
2406,2021,285.17,894,308.55
2407,2061,306.61,897,309.52
2408,2065,308.76,897,309.58
2409,2138,347.89,902,311.38
2410,2058,305.00,896,309.31
2411,2093,323.77,899,310.35
2412,2064,308.22,897,309.59
2413,1997,272.31,892,307.86
2414,1808,171.00,878,302.95
2415,2080,316.80,897,309.67
2416,2102,328.59,899,310.24
2417,2039,294.82,894,308.66
2418,2134,345.74,901,311.03
2419,2053,302.32,895,309.04
2420,1905,222.99,884,305.25
2421,2087,320.55,897,309.69
2422,2061,306.61,895,308.99
2423,2033,291.60,893,308.22
2424,2054,302.86,894,308.69
2425,2030,290.00,892,308.02
2426,2052,301.79,894,308.49
2427,2041,295.89,893,308.21
2428,2057,304.47,894,308.56
2429,2062,307.15,894,308.64
2430,2064,308.22,894,308.56
2431,2106,330.73,897,309.59
2432,2072,312.51,894,308.69
2433,2060,306.08,893,308.34
2434,2106,330.73,897,309.54
2435,2065,308.76,895,308.80
2436,2030,290.00,892,307.87
2437,2043,296.96,892,308.09
2438,2004,276.06,889,307.06
2439,2064,308.22,893,308.41
2440,2052,301.79,892,308.07
2441,2086,320.01,895,309.07
2442,2040,295.36,892,307.87
2443,2744,672.73,944,325.79
2444,2410,493.69,922,318.10
2445,2019,284.10,894,308.56
2446,2034,292.14,895,308.97
2447,2131,344.14,902,311.47
2448,2064,308.22,898,309.92
2449,2053,302.32,897,309.70
2450,2077,315.19,899,310.36
2451,2090,322.16,900,310.78
2452,2059,305.54,898,310.05
2453,2032,291.07,896,309.42
2454,2069,310.90,899,310.42
2455,2112,333.95,902,311.56
2456,2022,285.71,896,309.39
2457,2061,306.61,899,310.46
2458,2059,305.54,899,310.52
2459,2067,309.83,900,310.89
2460,2034,292.14,898,310.17
2461,2106,330.73,904,312.11
2462,2059,305.54,901,311.05
2463,2035,292.68,900,310.59
2464,2073,313.05,900,310.84
2465,2081,317.33,900,310.69
2466,2138,347.89,904,312.25
2467,2046,298.57,898,310.06
2468,2096,325.37,901,311.27
2469,1872,205.30,885,305.61
2470,2046,298.57,897,309.86
2471,2106,330.73,902,311.37
2472,2042,296.43,897,309.76
2473,2099,326.98,901,311.20
2474,2068,310.37,899,310.50
2475,1968,256.76,892,307.95
2476,2042,296.43,897,309.67
2477,2056,303.93,898,310.04
2478,2065,308.76,898,310.25
2479,1968,256.76,891,307.76
2480,2034,292.14,896,309.29
2481,2110,332.88,901,311.19
2482,2032,291.07,895,309.15
2483,1904,222.46,885,305.80
2484,2065,308.76,897,309.68
2485,2077,315.19,897,309.93
2486,2064,308.22,896,309.56
2487,2064,308.22,896,309.43
2488,2032,291.07,894,308.59
2489,2023,286.24,893,308.23
2490,2053,302.32,895,309.12
2491,1953,248.72,888,306.53
2492,2102,328.59,898,310.11
2493,2063,307.68,895,309.13
2494,2032,291.07,893,308.24
2495,2033,291.60,892,308.15
2496,2015,281.96,891,307.70
2497,2315,442.77,913,315.27
2498,2023,286.24,892,308.06
2499,2007,277.67,891,307.55
2500,2147,352.71,901,311.12
2501,2084,318.94,897,309.59
2502,2034,292.14,893,308.24
2503,2059,305.54,894,308.84
2504,2017,283.03,892,307.91
2505,2038,294.28,893,308.36
2506,2017,283.03,891,307.75
2507,2044,297.50,893,308.35
2508,2002,274.99,890,307.23
2509,2064,308.22,894,308.75
2510,2032,291.07,892,307.96
2511,2096,325.37,896,309.53
2512,2026,287.85,892,307.89
2513,2043,296.96,893,308.22
2514,2023,286.24,891,307.66
2515,2054,302.86,893,308.43
2516,2032,291.07,892,307.88
2517,2035,292.68,892,307.97
2518,2032,291.07,891,307.54
2519,2032,291.07,891,307.52
2520,2030,290.00,891,307.46
2521,2087,320.55,894,308.74
2522,840,-347.89,3922,276.87
2523,1984,265.34,1031,304.58
2524,2059,305.54,1043,306.29
2525,1930,236.39,1040,302.92
2526,2070,311.44,1058,306.24
2527,2044,297.50,1064,305.50
2528,2058,305.00,1073,305.72
2529,2039,294.82,1080,305.17
2530,2030,290.00,1089,304.77
2531,2095,324.84,1103,306.27
2532,2033,291.60,1108,304.54
2533,2065,308.76,1121,305.19
2534,2030,290.00,1129,304.16
2535,2085,319.48,1144,305.39
2536,2010,279.27,1151,303.33
2537,1962,253.55,1159,301.89
2538,2063,307.68,1180,304.18
2539,2077,315.19,1194,304.38
2540,2046,298.57,1207,303.44
2541,2087,320.55,1225,304.29
2542,2103,329.13,1242,304.49
2543,2079,316.26,1112,305.19
2544,2034,292.14,1113,304.07
2545,2154,356.46,1125,307.03
2546,2059,305.54,1122,304.80
2547,2062,307.15,1125,304.81
2548,2036,293.21,1126,304.11
2549,2071,311.97,1131,304.93
2550,2042,296.43,1132,304.18
2551,2101,328.05,1138,305.65
2552,2025,287.32,1134,303.68
2553,2023,286.24,1135,303.59
2554,2033,291.60,1137,303.77
2555,2042,296.43,1138,303.98
2556,2027,288.39,1136,303.53
2557,2087,320.55,1140,305.07
2558,2043,296.96,1136,304.10
2559,1967,256.23,1128,302.16
2560,2039,294.82,1130,303.89
2561,2447,513.52,1157,314.33
2562,2067,309.83,1125,305.10
2563,2053,302.32,1119,304.78
2564,2063,307.68,1120,305.01
2565,1985,265.87,1114,303.07
2566,2071,311.97,1120,305.07
2567,2044,297.50,1118,304.40
2568,2018,283.56,1116,303.71
2569,2045,298.04,1117,304.38
2570,2064,308.22,1118,304.84
2571,2089,321.62,1119,305.51
2572,2046,298.57,1115,304.41
2573,2046,298.57,1114,304.44
2574,2061,306.61,1115,304.87
2575,2029,289.46,1111,304.10
2576,2039,294.82,1111,304.36
2577,2030,290.00,1109,304.17
2578,2054,302.86,1109,304.74
2579,2034,292.14,1106,304.26
2580,2037,293.75,1105,304.44
2581,2077,315.19,1107,305.48
2582,2023,286.24,1101,303.69
2583,2030,290.00,1100,303.80
2584,2039,294.82,1100,303.98
2585,2037,293.75,1099,303.88
2586,2038,294.28,1098,303.94
2587,2054,302.86,1098,304.30
2588,2034,292.14,1096,303.78
2589,2033,291.60,1095,303.76
2590,2030,290.00,1094,303.65
2591,2106,330.73,1098,305.54
2592,2047,299.11,1093,304.03
2593,2023,286.24,1090,303.40
2594,2031,290.53,1089,303.56
2595,2031,290.53,1088,303.50
2596,2033,291.60,1087,303.52
2597,2058,305.00,1088,304.12
2598,2062,307.15,1087,304.22
2599,2063,307.68,1086,304.22
2600,2053,302.32,1085,303.96
2601,2082,317.87,1086,304.68
2602,2006,277.13,1079,302.70
2603,2038,294.28,1080,303.47
2604,2041,295.89,1080,303.53
2605,2086,320.01,1082,304.65
2606,2044,297.50,1078,303.62
2607,1620,70.22,1045,292.78
2608,2043,296.96,1075,303.03
2609,2808,707.03,1131,322.52
2610,2264,415.43,1092,309.53
2611,2079,316.26,1078,305.09
2612,2068,310.37,1076,304.78
2613,2022,285.71,1072,303.65
2614,1979,262.66,1068,302.56
2615,2058,305.00,1073,304.53
2616,2020,284.64,1069,303.61
2617,2068,310.37,1072,304.84
2618,2018,283.56,1067,303.60
2619,2015,281.96,1066,303.49
2620,2058,305.00,1068,304.55
2621,2098,326.45,1071,305.60
2622,2054,302.86,1067,304.52
2623,2017,283.03,1063,303.67
2624,2076,314.65,1067,305.18
2625,2034,292.14,1063,304.19
2626,2053,302.32,1064,304.65
2627,2086,320.01,1065,305.54
2628,2209,385.95,1076,309.29
2629,2090,322.16,1067,306.55
2630,2027,288.39,1059,304.18
2631,2085,319.48,1062,305.41
2632,2064,308.22,1059,304.89
2633,2045,298.04,1057,304.41
2634,2114,335.02,1062,306.20
2635,2041,295.89,1056,304.51
2636,2053,302.32,1056,304.82
2637,2080,316.80,1057,305.57
2638,2064,308.22,1055,305.19
2639,2043,296.96,1053,304.73
2640,1945,244.43,1045,302.29
2641,2093,323.77,1055,305.96
2642,2054,302.86,1052,304.98
2643,2032,291.07,1049,304.44
2644,2110,332.88,1054,306.47
2645,2053,302.32,1050,305.08
2646,2067,309.83,1050,305.47
2647,2036,293.21,1047,304.72
2648,2017,283.03,1045,304.20
2649,2064,308.22,1047,305.16
2650,2078,315.73,1047,305.45
2651,2089,321.62,1047,305.79
2652,1934,238.54,1035,301.85
2653,2070,311.44,1044,305.18
2654,2033,291.60,1040,304.27
2655,2033,291.60,1039,304.18
2656,2070,311.44,1041,305.11
2657,2031,290.53,1038,304.12
2658,2038,294.28,1037,304.23
2659,2059,305.54,1038,304.72
2660,2042,296.43,1036,304.29
2661,2100,327.52,1040,305.87
2662,2095,324.84,1039,305.73
2663,2012,280.35,1032,303.65
2664,2058,305.00,1035,304.79
2665,1900,220.31,1022,300.67
2666,2043,296.96,1031,304.12
2667,2057,304.47,1032,304.41
2668,2005,276.59,1027,303.07
2669,2060,306.08,1030,304.42
2670,2032,291.07,1027,303.67
2671,2110,332.88,1032,305.57
2672,2043,296.96,1026,303.85
2673,2058,305.00,1027,304.33
2674,2066,309.29,1027,304.49
2675,2053,302.32,1025,304.17
2676,2032,291.07,1023,303.64
2677,2064,308.22,1025,304.38
2678,2047,299.11,1023,303.96
2679,2045,298.04,1022,303.90
2680,2035,292.68,1020,303.60
2681,2192,376.83,1031,307.58
2682,2035,292.68,1019,303.65
2683,2027,288.39,1018,303.35
2684,2033,291.60,1017,303.49
2685,2109,332.34,1022,305.36
2686,0,-798.16,3985,251.75
2687,2068,310.37,1160,302.05
2688,2034,292.14,1163,301.07
2689,2047,299.11,1171,301.30
2690,1961,253.01,1171,298.96
2691,2096,325.37,1188,302.18
2692,2046,298.57,1192,300.74
2693,2021,285.17,1198,299.96
2694,2046,298.57,1208,300.39
2695,1889,214.41,1205,296.19
2696,2072,312.51,1227,300.48
2697,2044,297.50,1235,299.61
2698,2054,302.86,1245,299.64
2699,2055,303.40,1256,299.46
2700,2055,303.40,1267,299.25
2701,2093,323.77,1282,300.01
2702,2042,296.43,1290,298.35
2703,2003,275.52,1300,297.10
2704,2034,292.14,1316,297.59
2705,2032,291.07,1330,297.26
2706,2067,309.83,1347,297.77
2707,2101,328.05,1224,300.83
2708,2077,315.19,1225,300.16
2709,2044,297.50,1226,299.27
2710,2131,344.14,1235,301.40
2711,2098,326.45,1235,300.67
2712,2074,313.58,1236,299.99
2713,2060,306.08,1237,299.59
2714,2082,317.87,1240,300.14
2715,2103,329.13,1243,300.66
2716,2115,335.56,1246,301.18
2717,2119,337.70,1247,301.32
2718,2115,335.56,1248,301.29
2719,2078,315.73,1245,300.43
2720,2087,320.55,1245,300.70
2721,2128,342.53,1247,301.82
2722,2098,326.45,1243,301.14
2723,2090,322.16,1240,301.07
2724,2117,336.63,1240,301.95
2725,2113,334.49,1236,302.05
2726,2123,339.85,1232,302.54
2727,2036,293.21,1220,300.54
2728,2109,332.34,1225,302.39
2729,2099,326.98,1224,302.24
2730,2110,332.88,1225,302.67
2731,1902,221.38,1209,297.42
2732,2034,292.14,1218,300.63
2733,2106,330.73,1222,302.50
2734,2043,296.96,1217,301.03
2735,1883,211.20,1204,296.99
2736,2075,314.12,1216,301.72
2737,2064,308.22,1214,301.46
2738,2068,310.37,1213,301.57
2739,2061,306.61,1211,301.40
2740,2062,307.15,1209,301.48
2741,2112,333.95,1211,302.79
2742,1788,160.27,1185,294.56
2743,2058,305.00,1203,301.14
2744,2082,317.87,1203,301.76
2745,2055,303.40,1199,301.06
2746,2058,305.00,1197,301.09
2747,2035,292.68,1194,300.43
2748,2071,311.97,1195,301.35
2749,2042,296.43,1192,300.56
2750,2071,311.97,1192,301.22
2751,2133,345.21,1195,302.73
2752,2070,311.44,1190,301.38
2753,2068,310.37,1189,301.36
2754,2069,310.90,1187,301.33
2755,2123,339.85,1190,302.73
2756,2094,324.30,1187,302.26
2757,2070,311.44,1184,301.67
2758,2076,314.65,1183,301.83
2759,2185,373.08,1189,304.63
2760,2074,313.58,1180,301.95
2761,2032,291.07,1176,300.90
2762,2106,330.73,1179,302.70
2763,2112,333.95,1180,303.24
2764,2082,317.87,1176,302.57
2765,2001,274.45,1169,300.54
2766,2062,307.15,1172,302.08
2767,2073,313.05,1172,302.41
2768,2081,317.33,1171,302.70
2769,2059,305.54,1168,302.21
2770,1904,222.46,1156,298.33
2771,2108,331.81,1169,303.40
2772,2030,290.00,1162,301.44
2773,2080,316.80,1165,302.72
2774,2080,316.80,1163,302.78
2775,2068,310.37,1161,302.55
2776,2071,311.97,1160,302.61
2777,2087,320.55,1160,303.04
2778,2082,317.87,1159,302.98
2779,2160,359.68,1163,305.02
2780,2107,331.27,1158,303.69
2781,1988,267.48,1148,300.73
2782,2059,305.54,1152,302.54
2783,2045,298.04,1150,302.17
2784,2085,319.48,1151,303.14
2785,2081,317.33,1150,303.07
2786,2080,316.80,1149,303.16
2787,2029,289.46,1144,301.91
2788,2064,308.22,1145,302.78
2789,2076,314.65,1145,303.09
2790,2135,346.28,1148,304.64
2791,2142,350.03,1148,305.12
2792,2054,302.86,1141,302.95
2793,2096,325.37,1143,304.10
2794,2090,322.16,1142,304.01
2795,2090,322.16,1141,304.07
2796,2025,287.32,1135,302.48
2797,2110,332.88,1140,304.65
2798,2094,324.30,1138,304.31
2799,2067,309.83,1135,303.69
2800,1959,251.94,1125,300.87
2801,2135,346.28,1137,305.23
2802,2091,322.69,1133,304.32
2803,2095,324.84,1132,304.50
2804,2076,314.65,1130,304.13
2805,2090,322.16,1130,304.54
2806,2090,322.16,1129,304.61
2807,1979,262.66,1120,301.84
2808,2076,314.65,1126,304.31
2809,2116,336.09,1128,305.41
2810,1968,256.76,1116,301.74
2811,2150,354.32,1128,306.25
2812,2109,332.34,1124,305.25
2813,2077,315.19,1121,304.55
2814,2086,320.01,1121,304.80
2815,2094,324.30,1120,305.04
2816,2066,309.29,1117,304.37
2817,2067,309.83,1117,304.49
2818,2072,312.51,1116,304.61
2819,2098,326.45,1117,305.28
2820,2090,322.16,1115,305.16
2821,1791,161.88,1092,297.73
2822,2367,470.64,1133,312.07
2823,2097,325.91,1113,305.55
2824,2089,321.62,1112,305.40
2825,2071,311.97,1109,305.00
2826,2068,310.37,1108,304.94
2827,2090,322.16,1109,305.52
2828,2105,330.20,1109,306.08
2829,2091,322.69,1108,305.81
2830,2084,318.94,1106,305.65
2831,2149,353.78,1111,307.49
2832,2125,340.92,1108,306.94
2833,2105,330.20,1106,306.51
2834,2176,368.26,1110,308.41
2835,2095,324.84,1104,306.52
2836,2091,322.69,1103,306.49
2837,2091,322.69,1102,306.59
2838,2096,325.37,1102,306.81
2839,2106,330.73,1102,307.18
2840,2114,335.02,1102,307.47
2841,2042,296.43,1096,305.74
2842,2091,322.69,1099,307.37
2843,2094,324.30,1098,307.23
2844,2090,322.16,1097,307.20
2845,2067,309.83,1095,306.70
2846,2094,324.30,1096,307.47
2847,2068,310.37,1093,306.93
2848,2086,320.01,1094,307.46
2849,2079,316.26,1093,307.34
2850,2061,306.61,1091,306.96
2851,2155,357.00,1097,309.42
2852,2082,317.87,1091,307.65
2853,2091,322.69,1091,307.91
2854,2108,331.81,1091,308.41
2855,1903,221.92,1075,303.18
2856,2034,292.14,1084,306.36
2857,2096,325.37,1087,307.94
2858,2099,326.98,1087,308.08
2859,2071,311.97,1084,307.43
2860,2078,315.73,1084,307.62
2861,2130,343.60,1087,308.95
2862,2083,318.41,1083,307.91
2863,2095,324.84,1083,308.24
2864,2054,302.86,1079,307.24
2865,2069,310.90,1079,307.62
2866,2086,320.01,1080,308.10
2867,2096,325.37,1080,308.39
2868,2070,311.44,1077,307.79
2869,2096,325.37,1078,308.47
2870,2074,313.58,1076,307.97
2871,2153,355.93,1081,310.03
2872,2097,325.91,1076,308.63
2873,2097,325.91,1076,308.68
2874,2088,321.09,1074,308.48
2875,2139,348.42,1077,309.79
2876,2064,308.22,1072,308.19
2877,2083,318.41,1073,308.76
2878,2155,357.00,1077,310.64
2879,2096,325.37,1072,309.25
2880,2081,317.33,1071,308.96
2881,2128,342.53,1074,310.22
2882,2125,340.92,1073,310.20
2883,2057,304.47,1067,308.58
2884,2081,317.33,1068,309.21
2885,2098,326.45,1069,309.73
2886,2093,323.77,1068,309.71
2887,2273,420.25,1081,314.38
2888,2133,345.21,1071,311.09
2889,2004,276.06,1061,307.95
2890,2083,318.41,1066,309.94
2891,2122,339.31,1068,311.03
2892,2054,302.86,1062,309.35
2893,2077,315.19,1063,309.97
2894,2090,322.16,1064,310.36
2895,2087,320.55,1063,310.37
2896,2092,323.23,1063,310.53
2897,2085,319.48,1062,310.46
2898,2220,391.84,1071,313.99
2899,1994,270.70,1054,308.38
2900,2086,320.01,1060,310.69
2901,2078,315.73,1059,310.56
2902,2099,326.98,1060,311.12
2903,2078,315.73,1058,310.62
2904,2094,324.30,1059,311.13
2905,2061,306.61,1056,310.38
2906,2069,310.90,1056,310.61
2907,2096,325.37,1057,311.35
2908,2511,547.83,1087,321.80
2909,2078,315.73,1055,311.25
2910,2070,311.44,1055,311.21
2911,2135,346.28,1059,312.93
2912,2176,368.26,1062,314.06
2913,2004,276.06,1049,309.90
2914,2288,428.29,1069,317.14
2915,2289,428.83,1070,317.49
2916,2091,322.69,1055,312.78
2917,2086,320.01,1054,312.76
2918,2448,514.06,1081,322.10
2919,2086,320.01,1054,313.25
2920,2000,273.91,1048,311.29
2921,2110,332.88,1056,314.12
2922,1955,249.79,1044,310.34
2923,2098,326.45,1054,313.95
2924,2070,311.44,1052,313.39
2925,2173,366.65,1059,316.13
2926,2077,315.19,1052,313.95
2927,2099,326.98,1053,314.67
2928,2944,779.93,1116,336.40
2929,2068,310.37,1052,314.74
2930,2070,311.44,1052,314.95
2931,2069,310.90,1052,315.11
2932,2046,298.57,1050,314.62
2933,2116,336.09,1055,316.44
2934,2096,325.37,1053,316.24
2935,2082,317.87,1052,315.84
2936,2018,283.56,1046,314.13
2937,2067,309.83,1049,315.44
2938,2054,302.86,1048,315.24
2939,2091,322.69,1049,315.85
2940,2013,280.88,1043,313.99
2941,2135,346.28,1052,317.23
2942,2082,317.87,1048,316.02
2943,1348,-75.58,4114,297.56
2944,2064,308.22,1192,315.06
2945,2085,319.48,1201,315.67
2946,2077,315.19,1207,315.44
2947,2089,321.62,1215,315.82
2948,2061,306.61,1221,315.16
2949,1760,145.27,1203,306.47
2950,2080,316.80,1234,314.24
2951,2142,350.03,1248,315.79
2952,2240,402.56,1264,318.32
2953,2070,311.44,1262,314.16
2954,2078,315.73,1272,314.26
2955,2125,340.92,1286,315.36
2956,2127,341.99,1297,315.39
2957,2055,303.40,1304,313.61
2958,2093,323.77,1319,314.50
2959,2117,336.63,1334,315.07
2960,2106,330.73,1346,314.76
2961,2102,328.59,1361,314.69
2962,2079,316.26,1374,313.98
2963,2075,314.12,1389,313.78
2964,2077,315.19,1259,314.61
2965,2109,332.34,1265,315.40
2966,2074,313.58,1265,314.50
2967,2062,307.15,1267,314.14
2968,2096,325.37,1272,314.93
2969,2080,316.80,1273,314.51
2970,2085,319.48,1277,315.02
2971,2128,342.53,1282,316.16
2972,2085,319.48,1281,315.08
2973,2202,382.19,1290,317.91
2974,2075,314.12,1282,314.85
2975,2074,313.58,1282,314.85
2976,2090,322.16,1283,315.23
2977,2128,342.53,1286,316.20
2978,2061,306.61,1280,314.61
2979,2087,320.55,1280,315.28
2980,2078,315.73,1277,315.06
2981,2111,333.41,1276,315.91
2982,2064,308.22,1268,314.77
2983,2089,321.62,1265,315.45
2984,2005,276.59,1253,313.38
2985,2078,315.73,1258,315.19
2986,2062,307.15,1257,314.77
2987,2033,291.60,1254,314.04
2988,2081,317.33,1257,315.26
2989,2085,319.48,1257,315.38
2990,2086,320.01,1256,315.45
2991,2058,305.00,1253,314.75
2992,2076,314.65,1253,315.15
2993,2090,322.16,1252,315.51
2994,2066,309.29,1249,314.78
2995,2091,322.69,1249,315.42
2996,2091,322.69,1248,315.44
2997,2064,308.22,1244,314.76
2998,2117,336.63,1246,316.05
2999,2071,311.97,1241,314.94
3000,1925,233.71,1228,311.20
3001,1955,249.79,1228,311.78
3002,2135,346.28,1239,316.18
3003,2074,313.58,1233,314.69
3004,2069,310.90,1231,314.53
3005,2075,314.12,1231,314.73
3006,1975,260.51,1222,312.16
3007,2069,310.90,1227,314.43
3008,2084,318.94,1227,314.84
3009,2075,314.12,1225,314.59
3010,2077,315.19,1224,314.60
3011,2195,378.44,1231,317.57
3012,2081,317.33,1221,314.79
3013,2085,319.48,1220,314.88
3014,2723,661.47,1266,331.13
3015,2078,315.73,1219,315.45
3016,2123,339.85,1221,316.60
3017,2108,331.81,1218,316.27
3018,2089,321.62,1216,315.86
3019,2085,319.48,1214,315.75
3020,2077,315.19,1212,315.58
3021,2163,361.29,1218,317.99
3022,2097,325.91,1212,316.60
3023,2079,316.26,1210,316.16
3024,2026,287.85,1205,314.87
3025,2086,320.01,1208,316.42
3026,2077,315.19,1206,316.27
3027,1776,153.84,1183,308.78
3028,2086,320.01,1204,316.43
3029,2083,318.41,1203,316.43
3030,2084,318.94,1202,316.54
3031,2131,344.14,1204,317.83
3032,2064,308.22,1198,316.14
3033,1896,218.17,1184,311.91
3034,2066,309.29,1195,316.11
3035,2069,310.90,1192,315.47
3036,2080,316.80,1192,315.75
3037,2001,274.45,1184,313.70
3038,2064,308.22,1187,315.18
3039,2077,315.19,1187,315.48
3040,2097,325.91,1187,315.98
3041,2129,343.06,1188,316.81
3042,2068,310.37,1182,315.20
3043,2064,308.22,1181,315.03
3044,2059,305.54,1179,314.85
3045,2042,296.43,1176,314.42
3046,2089,321.62,1178,315.52
3047,2060,306.08,1175,314.75
3048,2095,324.84,1177,315.92
3049,2086,320.01,1175,315.67
3050,2091,322.69,1174,315.76
3051,2081,317.33,1172,315.47
3052,2061,306.61,1169,314.84
3053,2077,315.19,1169,315.19
3054,2071,311.97,1168,315.19
3055,2059,305.54,1166,314.84
3056,1998,272.84,1160,313.26
3057,2076,314.65,1164,315.13
3058,2090,322.16,1164,315.56
3059,2176,368.26,1170,317.77
3060,2102,328.59,1163,315.99
3061,2128,342.53,1164,316.65
3062,2071,311.97,1159,315.19
3063,2103,329.13,1160,316.01
3064,2090,322.16,1158,315.72
3065,2088,321.09,1157,315.71
3066,2099,326.98,1157,316.05
3067,2106,330.73,1156,316.26
3068,2023,286.24,1149,314.21
3069,2086,320.01,1152,315.74
3070,2075,314.12,1151,315.46
3071,2142,350.03,1154,317.16
3072,2076,314.65,1149,315.55
3073,2064,308.22,1147,315.28
3074,2064,308.22,1146,315.28
3075,2071,311.97,1145,315.47
3076,2074,313.58,1144,315.57
3077,2066,309.29,1143,315.48
3078,2085,319.48,1144,315.98
3079,2081,317.33,1142,315.90
3080,2064,308.22,1140,315.38
3081,2118,337.17,1143,316.72
3082,2074,313.58,1138,315.60
3083,2082,317.87,1138,315.83
3084,2078,315.73,1137,315.72
3085,2121,338.77,1139,316.82
3086,2081,317.33,1135,315.85
3087,1979,262.66,1126,313.23
3088,2064,308.22,1131,315.26
3089,2064,308.22,1130,315.31
3090,2082,317.87,1131,315.75
3091,2087,320.55,1130,315.89
3092,2030,290.00,1125,314.37
3093,2071,311.97,1127,315.36
3094,2055,303.40,1124,314.96
3095,2076,314.65,1125,315.48
3096,2139,348.42,1129,317.09
3097,2010,279.27,1118,313.87
3098,2124,340.38,1126,316.70
3099,2210,386.48,1131,318.93
3100,2166,362.90,1127,317.95
3101,2095,324.84,1122,316.26
3102,2076,314.65,1119,315.76
3103,2073,313.05,1118,315.69
3104,2118,337.17,1120,316.83
3105,2062,307.15,1115,315.45
3106,2071,311.97,1115,315.62
3107,2075,314.12,1114,315.71
3108,2082,317.87,1114,316.01
3109,2070,311.44,1112,315.73
3110,2077,315.19,1112,315.93
3111,2096,325.37,1113,316.43
3112,2109,332.34,1113,316.79
3113,2070,311.44,1109,315.90
3114,2080,316.80,1109,316.19
3115,2057,304.47,1107,315.66
3116,2075,314.12,1107,316.12
3117,2080,316.80,1107,316.21
3118,2064,308.22,1105,315.91
3119,2064,308.22,1104,315.87
3120,2086,320.01,1104,316.29
3121,2154,356.46,1108,317.94
3122,2064,308.22,1101,315.73
3123,2078,315.73,1101,316.08
3124,2121,338.77,1103,317.20
3125,2114,335.02,1102,317.04
3126,2091,322.69,1100,316.53
3127,2085,319.48,1099,316.42
3128,2101,328.05,1099,316.86
3129,2048,299.64,1094,315.55
3130,2070,311.44,1095,316.10
3131,2134,345.74,1099,317.74
3132,1987,266.95,1088,314.05
3133,2063,307.68,1092,315.86
3134,2054,302.86,1091,315.63
3135,2070,311.44,1091,316.01
3136,2064,308.22,1090,315.87
3137,2061,306.61,1089,315.78
3138,2066,309.29,1088,315.89
3139,2074,313.58,1088,316.10
3140,2064,308.22,1086,315.85
3141,2105,330.20,1089,316.88
3142,2101,328.05,1087,316.72
3143,1966,255.69,1077,313.33
3144,2043,296.96,1081,315.16
3145,2157,358.07,1089,317.97
3146,2064,308.22,1081,315.64
3147,2172,366.11,1088,318.36
3148,2076,314.65,1081,316.00
3149,2058,305.00,1078,315.50
3150,2001,274.45,1073,314.04
3151,2093,323.77,1079,316.29
3152,2080,316.80,1077,315.89
3153,2048,299.64,1074,315.16
3154,1936,239.61,1065,312.27
3155,2085,319.48,1075,315.91
3156,2060,306.08,1072,315.27
3157,2080,316.80,1073,315.75
3158,2079,316.26,1072,315.73
3159,1940,241.75,1061,312.17
3160,2062,307.15,1069,315.10
3161,2115,335.56,1072,316.42
3162,2083,318.41,1069,315.58
3163,2055,303.40,1066,314.81
3164,2079,316.26,1067,315.49
3165,2073,313.05,1066,315.35
3166,2066,309.29,1064,315.05
3167,1592,55.21,1028,302.92
3168,2073,313.05,1061,314.46
3169,2058,305.00,1059,314.01
3170,2091,322.69,1061,314.78
3171,2145,351.64,1064,316.19
3172,2083,318.41,1059,314.61
3173,2087,320.55,1058,314.65
3174,2117,336.63,1060,315.39
3175,2084,318.94,1057,314.69
3176,2112,333.95,1058,315.35
3177,2065,308.76,1054,314.15
