1,1695,50.42,0.000000 
2,1699,52.57,9.090649 
3,1701,53.64,9.056489 
4,1690,47.74,9.040058 
5,1706,56.32,9.138891 
6,1690,47.74,8.998338 
7,1696,50.96,9.141498 
8,1697,51.50,9.089611 
9,1698,52.03,9.082050 
10,1696,50.96,9.074489 
11,1695,50.42,9.093525 
12,1696,50.96,9.103698 
13,1698,52.03,9.096138 
14,1698,52.03,9.079710 
15,1701,53.64,9.081014 
16,1696,50.96,9.055717 
17,1699,52.57,9.101350 
18,1701,53.64,9.076056 
19,1701,53.64,9.059625 
20,1700,53.10,9.060924 
21,1701,53.64,9.071090 
22,1708,57.39,9.063524 
23,1709,57.93,9.002757 
24,1712,59.54,8.995181 
25,1712,59.54,8.969870 
26,1710,58.46,8.971155 
27,1712,59.54,8.990174 
28,1712,59.54,8.973729 
29,1712,59.54,8.975015 
30,1714,60.61,8.976300 
31,1727,67.58,8.959852 
32,1715,61.14,8.845868 
33,1722,64.90,8.953535 
34,1718,62.75,8.892750 
35,1716,61.68,8.929489 
36,1720,63.82,8.948500 
37,1723,65.43,8.914314 
38,1720,63.82,8.888989 
39,1726,67.04,8.916861 
40,1726,67.04,8.864936 
41,1725,66.50,8.866203 
42,1727,67.58,8.876338 
43,1727,67.58,8.859873 
44,1729,68.65,8.861139 
45,1733,70.79,8.844672 
46,1732,70.26,8.810470 
47,1731,69.72,8.820595 
48,1736,72.40,8.830722 
49,1734,71.33,8.787649 
50,1735,71.86,8.806638 
51,1742,75.62,8.799028 
52,1735,71.86,8.738217 
53,1744,76.69,8.801532 
54,1746,77.76,8.722987 
55,1744,76.69,8.706499 
56,1746,77.76,8.725474 
57,1750,79.91,8.708985 
58,1754,82.05,8.674762 
59,1755,82.59,8.640532 
60,1756,83.12,8.632896 
61,1753,81.51,8.625261 
62,1758,84.19,8.653090 
63,1759,84.73,8.609990 
64,1756,83.12,8.602350 
65,1762,86.34,8.630176 
66,1762,86.34,8.578205 
67,1761,85.80,8.579427 
68,1767,89.02,8.589515 
69,1755,82.59,8.537539 
70,1764,87.41,8.645153 
71,1771,91.16,8.566584 
72,1771,91.16,8.505736 
73,1776,93.84,8.506947 
74,1774,92.77,8.463823 
75,1777,94.38,8.482760 
76,1771,91.16,8.457367 
77,1776,93.84,8.511770 
78,1781,96.52,8.468647 
79,1782,97.06,8.425517 
80,1782,97.06,8.417848 
81,1786,99.20,8.419044 
82,1788,100.27,8.384774 
83,1790,101.35,8.368232 
84,1790,101.35,8.351686 
85,1792,102.42,8.352873 
86,1796,104.56,8.336326 
87,1793,102.96,8.302042 
88,1779,95.45,8.329821 
89,1799,106.17,8.455136 
90,1796,104.56,8.279003 
91,1806,109.92,8.306777 
92,1808,111.00,8.219289 
93,1808,111.00,8.202722 
94,1808,111.00,8.203884 
95,1810,112.07,8.205048 
96,1809,111.53,8.188478 
97,1815,114.75,8.198504 
98,1814,114.21,8.146466 
99,1818,116.36,8.156487 
100,1822,118.50,8.122175 
101,1820,117.43,8.087859 
102,1823,119.04,8.106738 
103,1821,117.96,8.081285 
104,1823,119.04,8.100163 
105,1831,123.32,8.083576 
106,1825,120.11,8.013786 
107,1830,122.79,8.068120 
108,1834,124.93,8.024928 
109,1837,126.54,7.990596 
110,1833,124.40,7.965127 
111,1839,127.61,8.001719 
112,1839,127.61,7.949650 
113,1842,129.22,7.950774 
114,1841,128.68,7.925297 
115,1840,128.15,7.935284 
116,1838,127.08,7.945271 
117,1850,133.51,7.964127 
118,1851,134.05,7.858852 
119,1855,136.19,7.851095 
120,1855,136.19,7.816736 
121,1854,135.65,7.817839 
122,1854,135.65,7.827809 
123,1855,136.19,7.828914 
124,1854,135.65,7.821151 
125,1859,138.33,7.831121 
126,1860,138.87,7.787892 
127,1860,138.87,7.780124 
128,1862,139.94,7.781220 
129,1865,141.55,7.764584 
130,1870,144.23,7.739078 
131,1871,144.77,7.695835 
132,1868,143.16,7.688052 
133,1870,144.23,7.715735 
134,1879,149.05,7.699089 
135,1879,149.05,7.620372 
136,1878,148.52,7.621445 
137,1882,150.66,7.631384 
138,1881,150.13,7.596991 
139,1887,153.34,7.606926 
140,1891,155.49,7.554797 
141,1888,153.88,7.520392 
142,1890,154.95,7.548049 
143,1897,158.70,7.531377 
144,1890,154.95,7.470369 
145,1895,157.63,7.533485 
146,1898,159.24,7.490211 
147,1899,159.77,7.464662 
148,1895,157.63,7.456844 
149,1899,159.77,7.493358 
150,1900,160.31,7.458943 
151,1904,162.46,7.451124 
152,1926,174.25,7.416703 
153,1904,162.46,7.222677 
154,1905,162.99,7.418756 
155,1917,169.42,7.410930 
156,1914,167.82,7.305569 
157,1919,170.50,7.333193 
158,1917,169.42,7.289888 
159,1918,169.96,7.308643 
160,1919,170.50,7.300801 
161,1920,171.03,7.292956 
162,1922,172.10,7.285111 
163,1922,172.10,7.268398 
164,1920,171.03,7.269416 
165,1925,173.71,7.288167 
166,1934,178.54,7.244854 
167,1904,162.46,7.166068 
168,1936,179.61,7.433071 
169,1927,174.78,7.150378 
170,1936,179.61,7.231177 
171,1936,179.61,7.152389 
172,1957,190.87,7.153389 
173,1938,180.68,6.968188 
174,1938,180.68,7.137629 
175,1940,181.75,7.138626 
176,1939,181.22,7.121890 
177,1946,184.97,7.131752 
178,1947,185.50,7.070681 
179,1952,188.18,7.062801 
180,1952,188.18,7.019454 
181,1951,187.65,7.020433 
182,1953,188.72,7.030279 
183,1961,193.01,7.013526 
184,1957,190.87,6.943571 
185,1958,191.40,6.980006 
186,1965,195.15,6.972112 
187,1966,195.69,6.911017 
188,1968,196.76,6.903114 
189,1967,196.23,6.886342 
190,1943,183.36,6.896168 
191,1968,196.76,7.109928 
192,1972,198.91,6.889252 
193,1969,197.30,6.854745 
194,1978,202.12,6.882299 
195,1973,199.44,6.803456 
196,1979,202.66,6.848736 
197,1979,202.66,6.796489 
198,1984,205.34,6.797433 
199,1984,205.34,6.754045 
200,1984,205.34,6.754984 
201,1985,205.87,6.755923 
202,1991,209.09,6.747995 
203,1990,208.55,6.695732 
204,1995,211.23,6.705529 
205,1998,212.84,6.662126 
206,1996,211.77,6.636451 
207,2000,213.91,6.655106 
208,1998,212.84,6.620562 
209,2000,213.91,6.639214 
210,2006,217.13,6.622401 
211,2003,215.52,6.570119 
212,2005,216.59,6.597630 
213,2006,217.13,6.580811 
214,2002,214.99,6.572856 
215,2010,219.27,6.609233 
216,2011,219.81,6.539216 
217,2013,220.88,6.531255 
218,2013,220.88,6.514426 
219,2012,220.35,6.515327 
220,2020,224.64,6.525096 
221,2016,222.49,6.455065 
222,2010,219.27,6.491425 
223,2022,225.71,6.545522 
224,2022,225.71,6.440028 
225,2025,227.32,6.440918 
226,2026,227.85,6.415208 
227,2031,230.53,6.407228 
228,2028,228.92,6.363780 
229,2032,231.07,6.391259 
230,2032,231.07,6.356675 
231,2034,232.14,6.357552 
232,2033,231.60,6.340696 
233,2034,232.14,6.350438 
234,2034,232.14,6.342447 
235,2036,233.21,6.343322 
236,2037,233.75,6.326464 
237,2044,237.50,6.318470 
238,2045,238.04,6.257274 
239,2044,237.50,6.249269 
240,2067,249.83,6.258997 
241,2056,243.93,6.055926 
242,2054,242.86,6.154292 
243,2053,242.32,6.172872 
244,2060,246.08,6.182588 
245,2054,242.86,6.121373 
246,2059,245.54,6.175414 
247,2064,248.22,6.131930 
248,2066,249.29,6.088440 
249,2064,248.22,6.071543 
250,2064,248.22,6.090111 
251,2064,248.22,6.090947 
252,2070,251.44,6.091784 
253,2067,249.83,6.039421 
254,2067,249.83,6.066850 
255,2071,251.97,6.067683 
256,2072,252.51,6.033049 
257,2078,255.73,6.025010 
258,2077,255.19,5.972637 
259,2074,253.58,5.982322 
260,2080,256.80,6.009742 
261,2085,259.48,5.957366 
262,2067,249.83,5.913848 
263,2083,258.41,6.074259 
264,2088,261.09,5.933225 
265,2090,262.16,5.889704 
266,2087,260.55,5.872777 
267,2091,262.69,5.900180 
268,2096,265.37,5.865521 
269,2096,265.37,5.821990 
270,2098,266.45,5.822785 
271,2098,266.45,5.805849 
272,2098,266.45,5.806642 
273,2097,265.91,5.807435 
274,2097,265.91,5.817095 
275,2097,265.91,5.817889 
276,2105,270.20,5.818684 
277,2112,273.95,5.748546 
278,2107,271.27,5.687263 
279,2109,272.34,5.732372 
280,2105,270.20,5.715421 
281,2106,270.73,5.751667 
282,2108,271.81,5.743584 
283,2112,273.95,5.726634 
284,2114,275.02,5.691948 
285,2116,276.09,5.674990 
286,2113,274.49,5.658029 
287,2117,276.63,5.685400 
288,2118,277.17,5.650708 
289,2107,271.27,5.642610 
290,2122,279.31,5.740911 
291,2122,279.31,5.608693 
292,2126,281.46,5.609456 
293,2127,281.99,5.574752 
294,2136,286.82,5.566643 
295,2128,282.53,5.487598 
296,2131,284.14,5.559277 
297,2131,284.14,5.533432 
298,2134,285.74,5.534184 
299,2137,287.35,5.508335 
300,2135,286.28,5.482482 
301,2135,286.28,5.500959 
302,2145,291.64,5.501706 
303,2142,290.03,5.413785 
304,2145,291.64,5.441118 
305,2154,296.46,5.415256 
306,2146,292.18,5.336189 
307,2149,293.78,5.407844 
308,2153,295.93,5.381976 
309,2158,298.61,5.347238 
310,2154,296.46,5.303627 
311,2150,294.32,5.339811 
312,2152,295.39,5.375999 
313,2155,297.00,5.358994 
314,2160,299.68,5.333118 
315,2160,299.68,5.289505 
316,2160,299.68,5.290219 
317,2160,299.68,5.290934 
318,2162,300.75,5.291648 
319,2146,292.18,5.274629 
320,2161,300.22,5.417208 
321,2166,302.90,5.284940 
322,2165,302.36,5.241319 
323,2170,305.04,5.250893 
324,2172,306.11,5.207268 
325,2172,306.11,5.190235 
326,2174,307.18,5.190934 
327,2175,307.72,5.173900 
328,2175,307.72,5.165730 
329,2175,307.72,5.166425 
330,2174,307.18,5.167120 
331,2176,308.26,5.176682 
332,2176,308.26,5.159645 
333,2180,310.40,5.160339 
334,2181,310.94,5.125566 
335,2178,309.33,5.117388 
336,2183,312.01,5.144676 
337,2187,314.15,5.101034 
338,2185,313.08,5.066252 
339,2185,313.08,5.084665 
340,2184,312.55,5.085347 
341,2192,316.83,5.094897 
342,2190,315.76,5.024647 
343,2197,319.51,5.043054 
344,2192,316.83,4.981663 
345,2195,318.44,5.026663 
346,2198,320.05,5.000737 
347,2192,316.83,4.974806 
348,2194,317.91,5.028672 
349,2202,322.19,5.011613 
350,2198,320.05,4.941350 
351,2198,320.05,4.977478 
352,2203,322.73,4.978143 
353,2203,322.73,4.934476 
354,2203,322.73,4.935136 
355,2205,323.80,4.935795 
356,2211,327.02,4.918721 
357,2213,328.09,4.866178 
358,2207,324.87,4.849094 
359,2211,327.02,4.902941 
360,2211,327.02,4.868128 
361,2214,328.63,4.868778 
362,2214,328.63,4.842827 
363,2210,326.48,4.843472 
364,2215,329.16,4.879585 
365,2220,331.84,4.835901 
366,2220,331.84,4.792212 
367,2224,333.99,4.792850 
368,2224,333.99,4.758021 
369,2224,333.99,4.758654 
370,2224,333.99,4.759287 
371,2223,333.45,4.759920 
372,2224,333.99,4.769419 
373,2224,333.99,4.761186 
374,2235,339.88,4.761819 
375,2227,335.59,4.664918 
376,2231,337.74,4.736470 
377,2230,337.20,4.701632 
378,2230,337.20,4.711123 
379,2235,339.88,4.711748 
380,2235,339.88,4.668039 
381,2234,339.35,4.668658 
382,2238,341.49,4.678144 
383,2240,342.56,4.643297 
384,2238,341.49,4.626178 
385,2238,341.49,4.644524 
386,2245,345.24,4.645139 
387,2242,343.64,4.583686 
388,2242,343.64,4.610893 
389,2245,345.24,4.611503 
390,2246,345.78,4.585512 
391,2240,342.56,4.577252 
392,2249,347.39,4.631056 
393,2249,347.39,4.551868 
394,2238,341.49,4.552469 
395,2255,350.60,4.650603 
396,2250,347.92,4.500485 
397,2250,347.92,4.545412 
398,2251,348.46,4.546011 
399,2252,349.00,4.537744 
400,2256,351.14,4.529476 
401,2253,349.53,4.494606 
402,2256,351.14,4.521798 
403,2254,350.07,4.495793 
404,2256,351.14,4.514118 
405,2258,352.21,4.496980 
406,2257,351.68,4.479838 
407,2258,352.21,4.489294 
408,2266,356.50,4.481018 
409,2260,353.28,4.410675 
410,2263,354.89,4.464453 
411,2261,353.82,4.438440 
412,2263,354.89,4.456756 
413,2266,356.50,4.439609 
414,2269,358.11,4.413592 
415,2270,358.64,4.387571 
416,2272,359.72,4.379279 
417,2282,365.08,4.362120 
418,2272,359.72,4.274024 
419,2276,361.86,4.363251 
420,2286,367.22,4.328355 
421,2277,362.40,4.240255 
422,2279,363.47,4.320608 
423,2279,363.47,4.303441 
424,2279,363.47,4.304003 
425,2285,366.68,4.304565 
426,2282,365.08,4.251928 
427,2289,368.83,4.279083 
428,2283,365.61,4.217575 
429,2286,367.22,4.271325 
430,2286,367.22,4.245282 
431,2288,368.29,4.245836 
432,2288,368.29,4.228656 
433,2288,368.29,4.229207 
434,2290,369.37,4.229758 
435,2288,368.29,4.212576 
436,2291,369.90,4.230858 
437,2289,368.83,4.204809 
438,2294,371.51,4.223090 
439,2294,371.51,4.179307 
440,2291,369.90,4.179850 
441,2299,374.19,4.206993 
442,2293,370.97,4.136607 
443,2295,372.05,4.190344 
444,2298,373.65,4.173155 
445,2298,373.65,4.147098 
446,2302,375.80,4.147636 
447,2304,376.87,4.112708 
448,2303,376.33,4.095508 
449,2289,368.83,4.104905 
450,2302,375.80,4.229570 
451,2306,377.94,4.114853 
452,2255,350.60,4.079920 
453,2307,378.48,4.532649 
454,2310,380.09,4.072174 
455,2307,378.48,4.046101 
456,2310,380.09,4.073224 
457,2310,380.09,4.047151 
458,2311,380.62,4.047674 
459,2310,380.09,4.039331 
460,2311,380.62,4.048719 
461,2309,379.55,4.040376 
462,2310,380.09,4.058630 
463,2319,384.91,4.050288 
464,2315,382.77,3.971011 
465,2318,384.37,4.006989 
466,2319,384.91,3.980906 
467,2318,384.37,3.972553 
468,2314,382.23,3.981931 
469,2318,384.37,4.017910 
470,2321,385.98,3.982962 
471,2319,384.91,3.956875 
472,2323,387.05,3.975117 
473,2322,386.52,3.940161 
474,2322,386.52,3.949534 
475,2322,386.52,3.950042 
476,2325,388.13,3.950550 
477,2323,387.05,3.924458 
478,2324,387.59,3.942695 
479,2325,388.13,3.934335 
480,2328,389.73,3.925974 
481,2332,391.88,3.899878 
482,2327,389.20,3.864911 
483,2330,390.81,3.909740 
484,2319,384.91,3.883641 
485,2334,392.95,3.981672 
486,2334,392.95,3.849183 
487,2333,392.41,3.849676 
488,2327,389.20,3.859035 
489,2336,394.02,3.912729 
490,2317,383.84,3.833429 
491,2337,394.56,4.002387 
492,2335,393.49,3.825567 
493,2336,394.02,3.843789 
494,2343,397.78,3.835413 
495,2345,398.85,3.773837 
496,2340,396.17,3.756584 
497,2341,396.70,3.801397 
498,2344,398.31,3.793015 
499,2347,399.92,3.766898 
500,2348,400.46,3.740778 
501,2345,398.85,3.732387 
502,2351,402.06,3.759461 
503,2329,390.27,3.706740 
504,2346,399.38,3.902277 
505,2351,402.06,3.752043 
506,2337,394.56,3.708186 
507,2349,400.99,3.832791 
508,2346,399.38,3.726879 
509,2350,401.53,3.753953 
510,2352,402.60,3.718963 
511,2354,403.67,3.701702 
512,2351,402.06,3.684438 
513,2352,402.60,3.711505 
514,2352,402.60,3.703109 
515,2352,402.60,3.703578 
516,2355,404.21,3.704048 
517,2355,404.21,3.677917 
518,2353,403.14,3.678383 
519,2355,404.21,3.696583 
520,2355,404.21,3.679317 
521,2356,404.74,3.679782 
522,2361,407.42,3.671381 
523,2356,404.74,3.627513 
524,2362,407.96,3.672304 
525,2363,408.50,3.619568 
526,2363,408.50,3.611159 
527,2363,408.50,3.611614 
528,2367,410.64,3.612070 
529,2368,411.18,3.577059 
530,2370,412.25,3.568642 
531,2365,409.57,3.551358 
532,2368,411.18,3.596138 
533,2365,409.57,3.569991 
534,2367,410.64,3.597040 
535,2370,412.25,3.579760 
536,2370,412.25,3.553610 
537,2372,413.32,3.554056 
538,2371,412.78,3.536769 
539,2378,416.54,3.546080 
540,2375,414.93,3.484458 
541,2374,414.39,3.511495 
542,2378,416.54,3.520802 
543,2379,417.07,3.485776 
544,2375,414.93,3.477347 
545,2382,418.68,3.513248 
546,2382,418.68,3.451621 
547,2384,419.75,3.452052 
548,2382,418.68,3.434751 
549,2381,418.14,3.452912 
550,2352,402.60,3.462211 
551,2384,419.75,3.719777 
552,2384,419.75,3.436512 
553,2384,419.75,3.436941 
554,2383,419.22,3.437370 
555,2385,420.29,3.446666 
556,2384,419.75,3.429362 
557,2384,419.75,3.438656 
558,2384,419.75,3.439085 
559,2386,420.82,3.439513 
560,2391,423.50,3.422209 
561,2391,423.50,3.378302 
562,2389,422.43,3.378721 
563,2389,422.43,3.396875 
564,2389,422.43,3.397298 
565,2388,421.90,3.397720 
566,2389,422.43,3.407008 
567,2391,423.50,3.398566 
568,2396,426.18,3.381254 
569,2391,423.50,3.337341 
570,2395,425.65,3.382087 
571,2389,422.43,3.347041 
572,2391,423.50,3.400656 
573,2394,425.11,3.383344 
574,2394,425.11,3.357164 
575,2396,426.18,3.357580 
576,2394,425.11,3.340263 
577,2398,427.26,3.358409 
578,2403,429.94,3.323358 
579,2400,428.33,3.279436 
580,2402,429.40,3.306441 
581,2399,427.79,3.289116 
582,2399,427.79,3.316122 
583,2399,427.79,3.316531 
584,2402,429.40,3.316941 
585,2402,429.40,3.290751 
586,2403,429.94,3.291156 
587,2404,430.47,3.282695 
588,2410,433.69,3.274233 
589,2403,429.94,3.221436 
590,2410,433.69,3.283899 
591,2411,434.23,3.222236 
592,2409,433.15,3.213764 
593,2416,436.91,3.231893 
594,2414,435.83,3.170223 
595,2413,435.30,3.188344 
596,2416,436.91,3.197601 
597,2413,435.30,3.171393 
598,2418,437.98,3.198381 
599,2414,435.83,3.154438 
600,2416,436.91,3.190291 
601,2416,436.91,3.172948 
602,2416,436.91,3.173336 
603,2417,437.44,3.173724 
604,2432,445.48,3.165245 
605,2420,439.05,3.032632 
606,2416,436.91,3.139399 
607,2423,440.66,3.175249 
608,2417,437.44,3.113570 
609,2422,440.12,3.167149 
610,2427,442.80,3.123203 
611,2426,442.27,3.079249 
612,2419,438.51,3.088490 
613,2421,439.59,3.150932 
614,2422,440.12,3.133582 
615,2427,442.80,3.125098 
616,2418,437.98,3.081144 
617,2423,440.66,3.161318 
618,2424,441.19,3.117370 
619,2426,442.27,3.108882 
620,2430,444.41,3.091527 
621,2425,441.73,3.056435 
622,2426,442.27,3.101139 
623,2430,444.41,3.092649 
624,2429,443.87,3.057557 
625,2431,444.95,3.066794 
626,2429,443.87,3.049431 
627,2432,445.48,3.067534 
628,2429,443.87,3.041305 
629,2431,444.95,3.068273 
630,2428,443.34,3.050910 
631,2431,444.95,3.077880 
632,2432,445.48,3.051651 
633,2431,444.95,3.043154 
634,2429,443.87,3.052388 
635,2435,447.09,3.070491 
636,2432,445.48,3.017662 
637,2430,444.41,3.044625 
638,2433,446.02,3.062726 
639,2435,447.09,3.036496 
640,2437,448.16,3.019130 
641,2438,448.70,3.001759 
642,2439,449.23,2.993254 
643,2439,449.23,2.984747 
644,2440,449.77,2.985106 
645,2435,447.09,2.976598 
646,2439,449.23,3.021289 
647,2438,448.70,2.986185 
648,2445,452.45,2.995411 
649,2441,450.31,2.933704 
650,2442,450.84,2.969522 
651,2443,451.38,2.961011 
652,2443,451.38,2.952499 
653,2445,452.45,2.952852 
654,2441,450.31,2.935473 
655,2445,452.45,2.971290 
656,2442,450.84,2.936180 
657,2448,454.06,2.963130 
658,2446,452.99,2.910286 
659,2447,453.52,2.928365 
660,2445,452.45,2.919848 
661,2450,455.13,2.937931 
662,2445,452.45,2.893947 
663,2448,454.06,2.938626 
664,2448,454.06,2.912377 
665,2448,454.06,2.912724 
666,2451,455.67,2.913072 
667,2466,463.71,2.886818 
668,2450,455.13,2.754161 
669,2451,455.67,2.896352 
670,2450,455.13,2.887830 
671,2449,454.59,2.897039 
672,2454,457.28,2.906251 
673,2459,459.96,2.862263 
674,2449,454.59,2.818270 
675,2454,457.28,2.907270 
676,2455,457.81,2.863281 
677,2457,458.88,2.854755 
678,2455,457.81,2.837359 
679,2459,459.96,2.855429 
680,2457,458.88,2.820301 
681,2458,459.42,2.838366 
682,2458,459.42,2.829835 
683,2458,459.42,2.830170 
684,2458,459.42,2.830504 
685,2461,461.03,2.830838 
686,2463,462.10,2.804573 
687,2459,459.96,2.787170 
688,2462,461.56,2.822965 
689,2467,464.24,2.796697 
690,2463,462.10,2.752693 
691,2470,465.85,2.788483 
692,2466,463.71,2.726745 
693,2465,463.17,2.762531 
694,2467,464.24,2.771721 
695,2463,462.10,2.754313 
696,2471,466.39,2.790103 
697,2467,464.24,2.719498 
698,2467,464.24,2.755282 
699,2470,465.85,2.755605 
700,2470,465.85,2.729328 
701,2477,469.60,2.729647 
702,2476,469.07,2.667899 
703,2475,468.53,2.677075 
704,2475,468.53,2.686254 
705,2477,469.60,2.686567 
706,2475,468.53,2.669146 
707,2473,467.46,2.687190 
708,2480,471.21,2.705236 
709,2479,470.68,2.643484 
710,2480,471.21,2.652657 
711,2480,471.21,2.644098 
712,2480,471.21,2.644404 
713,2481,471.75,2.644711 
714,2480,471.21,2.636151 
715,2480,471.21,2.645322 
716,2482,472.28,2.645628 
717,2481,471.75,2.628201 
718,2483,472.82,2.637372 
719,2483,472.82,2.619943 
720,2485,473.89,2.620245 
721,2481,471.75,2.602815 
722,2480,471.21,2.638582 
723,2484,473.36,2.647753 
724,2487,474.96,2.612593 
725,2483,472.82,2.586294 
726,2482,472.28,2.622058 
727,2480,471.21,2.631227 
728,2486,474.43,2.649265 
729,2487,474.96,2.596370 
730,2490,476.57,2.587803 
731,2487,474.96,2.561501 
732,2487,474.96,2.588394 
733,2496,479.79,2.588691 
734,2495,479.25,2.509188 
735,2487,474.96,2.518342 
736,2489,476.04,2.589562 
737,2487,474.96,2.572126 
738,2487,474.96,2.590154 
739,2503,483.54,2.590451 
740,2493,478.18,2.448883 
741,2494,478.72,2.537825 
742,2502,483.00,2.529249 
743,2490,476.57,2.458604 
744,2496,479.79,2.565282 
745,2496,479.79,2.512375 
746,2493,478.18,2.512661 
747,2497,480.32,2.539547 
748,2491,477.11,2.504371 
749,2496,479.79,2.557855 
750,2495,479.25,2.513814 
751,2499,481.40,2.522967 
752,2497,480.32,2.487787 
753,2495,479.25,2.505803 
754,2498,480.86,2.523821 
755,2496,479.79,2.497508 
756,2497,480.32,2.515524 
757,2498,480.86,2.506944 
758,2503,483.54,2.498361 
759,2499,481.40,2.454313 
760,2497,480.32,2.490056 
761,2503,483.54,2.508071 
762,2501,482.47,2.455156 
763,2501,482.47,2.473166 
764,2502,483.00,2.473445 
765,2501,482.47,2.464859 
766,2503,483.54,2.474003 
767,2499,481.40,2.456550 
768,2509,486.76,2.492293 
769,2508,486.22,2.403908 
770,2506,485.15,2.413044 
771,2510,487.29,2.431048 
772,2506,485.15,2.395855 
773,2509,486.76,2.431590 
774,2506,485.15,2.405262 
775,2510,487.29,2.432132 
776,2505,484.61,2.396939 
777,2512,488.37,2.441540 
778,2511,487.83,2.379747 
779,2513,488.90,2.388880 
780,2512,488.37,2.371413 
781,2513,488.90,2.380544 
782,2512,488.37,2.371943 
783,2517,491.05,2.381073 
784,2518,491.58,2.337006 
785,2514,489.44,2.328399 
786,2515,489.97,2.364124 
787,2512,488.37,2.355519 
788,2516,490.51,2.382381 
789,2517,491.05,2.347179 
790,2515,489.97,2.338573 
791,2512,488.37,2.356566 
792,2515,489.97,2.383428 
793,2518,491.58,2.357093 
794,2512,488.37,2.330755 
795,2517,491.05,2.384212 
796,2517,491.05,2.340145 
797,2517,491.05,2.340404 
798,2518,491.58,2.340663 
799,2514,489.44,2.332056 
800,2524,494.80,2.367781 
801,2522,493.73,2.279376 
802,2519,492.12,2.297360 
803,2522,493.73,2.324213 
804,2519,492.12,2.297869 
805,2516,490.51,2.324722 
806,2519,492.12,2.351578 
807,2523,494.26,2.325239 
808,2519,492.12,2.290030 
809,2527,496.41,2.325747 
810,2525,495.33,2.255070 
811,2523,494.26,2.273051 
812,2523,494.26,2.291033 
813,2529,497.48,2.291284 
814,2526,495.87,2.238335 
815,2526,495.87,2.265180 
816,2522,493.73,2.265428 
817,2525,495.33,2.301141 
818,2528,496.94,2.274794 
819,2554,510.88,2.248444 
820,2533,499.62,2.018155 
821,2531,498.55,2.204567 
822,2532,499.09,2.222538 
823,2535,500.69,2.213914 
824,2533,499.62,2.187554 
825,2538,502.30,2.205523 
826,2539,502.84,2.161428 
827,2541,503.91,2.152794 
828,2537,501.77,2.135292 
829,2543,504.98,2.170987 
830,2538,502.30,2.118021 
831,2535,500.69,2.162580 
832,2538,502.30,2.189413 
833,2539,502.84,2.163048 
834,2538,502.30,2.154414 
835,2533,499.62,2.163512 
836,2538,502.30,2.208078 
837,2538,502.30,2.163983 
838,2538,502.30,2.164215 
839,2540,503.37,2.164448 
840,2542,504.45,2.146947 
841,2537,501.77,2.129444 
842,2542,504.45,2.174004 
843,2544,505.52,2.129905 
844,2542,504.45,2.112398 
845,2543,504.98,2.130357 
846,2544,505.52,2.121718 
847,2544,505.52,2.113076 
848,2543,504.98,2.113301 
849,2544,505.52,2.122393 
850,2542,504.45,2.113752 
851,2544,505.52,2.131710 
852,2544,505.52,2.114204 
853,2544,505.52,2.114429 
854,2542,504.45,2.114653 
855,2548,507.66,2.132612 
856,2547,507.13,2.079638 
857,2546,506.59,2.088725 
858,2531,498.55,2.097812 
859,2550,508.73,2.231034 
860,2546,506.59,2.062810 
861,2553,510.34,2.098493 
862,2546,506.59,2.036648 
863,2544,505.52,2.098928 
864,2547,507.13,2.116884 
865,2554,510.88,2.090509 
866,2547,507.13,2.028663 
867,2546,506.59,2.090942 
868,2548,507.66,2.100029 
869,2549,508.20,2.082517 
870,2550,508.73,2.073871 
871,2554,510.88,2.065223 
872,2549,508.20,2.029973 
873,2550,508.73,2.074518 
874,2550,508.73,2.065870 
875,2550,508.73,2.066087 
876,2550,508.73,2.066304 
877,2553,510.34,2.066521 
878,2554,510.88,2.040138 
879,2559,513.56,2.031485 
880,2559,513.56,1.987363 
881,2559,513.56,1.987569 
882,2558,513.02,1.987775 
883,2558,513.02,1.996846 
884,2559,513.56,1.997053 
885,2559,513.56,1.988394 
886,2555,511.41,1.988600 
887,2559,513.56,2.024271 
888,2558,513.02,1.989016 
889,2558,513.02,1.998088 
890,2558,513.02,1.998295 
891,2558,513.02,1.998501 
892,2558,513.02,1.998708 
893,2558,513.02,1.998915 
894,2559,513.56,1.999122 
895,2555,511.41,1.990463 
896,2559,513.56,2.026134 
897,2554,510.88,1.990879 
898,2558,513.02,2.035418 
899,2559,513.56,2.000163 
900,2559,513.56,1.991503 
901,2559,513.56,1.991709 
902,2559,513.56,1.991915 
903,2559,513.56,1.992120 
904,2559,513.56,1.992326 
905,2559,513.56,1.992531 
906,2559,513.56,1.992737 
907,2559,513.56,1.992943 
908,2559,513.56,1.993148 
909,2559,513.56,1.993354 
910,2559,513.56,1.993559 
911,2559,513.56,1.993765 
912,2559,513.56,1.993971 
913,2559,513.56,1.994176 
914,2559,513.56,1.994382 
915,2559,513.56,1.994587 
916,2585,527.50,1.994793 
917,2559,513.56,1.764465 
918,2559,513.56,1.995171 
919,2559,513.56,1.995377 
920,2559,513.56,1.995582 
921,2559,513.56,1.995788 
922,2559,513.56,1.995993 
923,2559,513.56,1.996199 
924,2559,513.56,1.996405 
925,2559,513.56,1.996610 
926,2583,526.42,1.996816 
927,2559,513.56,1.784221 
928,2559,513.56,1.997196 
929,2582,525.89,1.997402 
930,2583,526.42,1.793674 
931,2581,525.35,1.784984 
932,2581,525.35,1.802891 
933,2559,513.56,1.803069 
934,2559,513.56,1.998314 
935,2581,525.35,1.998520 
936,2582,525.89,1.803657 
937,2583,526.42,1.794969 
938,2581,525.35,1.786279 
939,2582,525.89,1.804186 
940,2580,524.82,1.795498 
941,2583,526.42,1.813407 
942,2587,528.57,1.786986 
943,2582,525.89,1.751694 
944,2583,526.42,1.796198 
945,2581,525.35,1.787508 
946,2583,526.42,1.805415 
947,2585,527.50,1.787860 
948,2580,524.82,1.770301 
949,2584,526.96,1.814807 
950,2585,527.50,1.779519 
951,2586,528.03,1.770826 
952,2588,529.10,1.762132 
953,2588,529.10,1.744570 
954,2559,513.56,1.744739 
955,2590,530.18,2.002041 
956,2587,528.57,1.727380 
957,2589,529.64,1.754146 
958,2587,528.57,1.736582 
959,2586,528.03,1.754483 
960,2598,534.46,1.763519 
961,2592,531.25,1.657291 
962,2589,529.64,1.710646 
963,2594,532.32,1.737410 
964,2589,529.64,1.693244 
965,2597,533.93,1.737738 
966,2608,539.82,1.666972 
967,2591,530.71,1.569596 
968,2609,540.36,1.720472 
969,2594,532.32,1.561037 
970,2597,533.93,1.694179 
971,2602,536.61,1.667740 
972,2593,531.78,1.623564 
973,2599,535.00,1.703514 
974,2590,530.18,1.650477 
975,2596,533.39,1.730432 
976,2601,536.07,1.677397 
977,2605,538.22,1.633222 
978,2602,536.61,1.597908 
979,2597,533.93,1.624655 
980,2599,535.00,1.669139 
981,2602,536.61,1.651563 
982,2597,533.93,1.625118 
983,2602,536.61,1.669602 
984,2608,539.82,1.625426 
985,2609,540.36,1.572376 
986,2608,539.82,1.563653 
987,2608,539.82,1.572661 
988,2608,539.82,1.572804 
989,2608,539.82,1.572947 
990,2608,539.82,1.573090 
991,2609,540.36,1.573233 
992,2608,539.82,1.564510 
993,2608,539.82,1.573518 
994,2605,538.22,1.573661 
995,2604,537.68,1.600405 
996,2607,539.29,1.609419 
997,2608,539.82,1.582966 
998,2604,537.68,1.574244 
999,2606,538.75,1.609854 
1000,2608,539.82,1.592269 
1001,2608,539.82,1.574681 
1002,2605,538.22,1.574824 
1003,2613,542.50,1.601568 
1004,2609,540.36,1.530781 
1005,2609,540.36,1.566385 
1006,2608,539.82,1.566527 
1007,2614,543.04,1.575535 
1008,2610,540.90,1.522477 
1009,2608,539.82,1.558080 
1010,2614,543.04,1.575954 
1011,2627,550.01,1.522897 
1012,2615,543.58,1.407766 
1013,2618,545.19,1.514285 
1014,2614,543.04,1.487819 
1015,2611,541.43,1.523415 
1016,2624,548.40,1.550152 
1017,2622,547.33,1.435025 
1018,2621,546.79,1.452880 
1019,2610,540.90,1.461872 
1020,2621,546.79,1.559532 
1021,2618,545.19,1.462139 
1022,2619,545.72,1.488866 
1023,2623,547.87,1.480129 
1024,2617,544.65,1.444792 
1025,2618,545.19,1.498116 
1026,2618,545.19,1.489381 
1027,2622,547.33,1.489511 
1028,2619,545.72,1.454175 
1029,2623,547.87,1.480900 
1030,2619,545.72,1.445563 
1031,2622,547.33,1.481153 
1032,2621,546.79,1.454682 
1033,2622,547.33,1.463675 
1034,2624,548.40,1.454934 
1035,2624,548.40,1.437327 
1036,2620,546.26,1.437449 
1037,2622,547.33,1.473038 
1038,2624,548.40,1.455433 
1039,2640,556.98,1.437825 
1040,2626,549.47,1.296080 
1041,2624,548.40,1.420316 
1042,2637,555.37,1.438171 
1043,2625,548.94,1.323026 
1044,2624,548.40,1.429532 
1045,2627,550.01,1.438521 
1046,2626,549.47,1.412043 
1047,2619,545.72,1.421028 
1048,2624,548.40,1.483215 
1049,2625,548.94,1.439012 
1050,2626,549.47,1.430267 
1051,2626,549.47,1.421521 
1052,2637,555.37,1.421642 
1053,2631,552.15,1.324229 
1054,2630,551.62,1.377536 
1055,2627,550.01,1.386516 
1056,2631,552.15,1.413231 
1057,2631,552.15,1.377883 
1058,2633,553.23,1.377997 
1059,2630,551.62,1.360376 
1060,2631,552.15,1.387089 
1061,2627,550.01,1.378337 
1062,2629,551.08,1.413917 
1063,2633,553.23,1.396303 
1064,2634,553.76,1.360952 
1065,2633,553.23,1.352197 
1066,2631,552.15,1.361173 
1067,2614,543.04,1.379019 
1068,2637,555.37,1.529865 
1069,2634,553.76,1.326068 
1070,2635,554.30,1.352774 
1071,2636,554.83,1.344017 
1072,2634,553.76,1.335259 
1073,2636,554.83,1.353100 
1074,2640,556.98,1.335476 
1075,2637,555.37,1.300116 
1076,2634,553.76,1.326820 
1077,2637,555.37,1.353526 
1078,2640,556.98,1.327036 
1079,2638,555.91,1.300541 
1080,2640,556.98,1.318378 
1081,2640,556.98,1.300748 
1082,2637,555.37,1.300851 
1083,2637,555.37,1.327554 
1084,2637,555.37,1.327660 
1085,2637,555.37,1.327766 
1086,2636,554.83,1.327872 
1087,2637,555.37,1.336845 
1088,2640,556.98,1.328086 
1089,2640,556.98,1.301591 
1090,2640,556.98,1.301693 
1091,2640,556.98,1.301796 
1092,2640,556.98,1.301898 
1093,2642,558.05,1.302000 
1094,2634,553.76,1.284370 
1095,2640,556.98,1.355403 
1096,2640,556.98,1.302312 
1097,2643,558.59,1.302415 
1098,2640,556.98,1.275917 
1099,2640,556.98,1.302616 
1100,2643,558.59,1.302718 
1101,2642,558.05,1.276220 
1102,2643,558.59,1.285186 
1103,2642,558.05,1.276419 
1104,2640,556.98,1.285385 
1105,2642,558.05,1.303217 
1106,2642,558.05,1.285587 
1107,2646,560.19,1.285686 
1108,2645,559.66,1.250319 
1109,2650,562.34,1.259281 
1110,2648,561.27,1.215044 
1111,2644,559.12,1.232866 
1112,2650,562.34,1.268425 
1113,2649,561.80,1.215323 
1114,2653,563.95,1.224279 
1115,2634,553.76,1.188902 
1116,2646,560.19,1.357455 
1117,2646,560.19,1.251165 
1118,2643,558.59,1.251260 
1119,2649,561.80,1.277954 
1120,2659,567.16,1.224853 
1121,2651,562.87,1.136277 
1122,2647,560.73,1.207288 
1123,2649,561.80,1.242844 
1124,2654,564.48,1.225204 
1125,2653,563.95,1.180961 
1126,2650,562.34,1.189912 
1127,2655,565.02,1.216598 
1128,2672,574.13,1.172354 
1129,2654,564.48,1.021703 
1130,2656,565.55,1.181366 
1131,2661,568.23,1.163717 
1132,2653,563.95,1.119465 
1133,2653,563.95,1.190474 
1134,2653,563.95,1.190560 
1135,2653,563.95,1.190645 
1136,2650,562.34,1.190731 
1137,2655,565.02,1.217418 
1138,2659,567.16,1.173173 
1139,2660,567.70,1.137790 
1140,2659,567.16,1.129002 
1141,2661,568.23,1.137945 
1142,2661,568.23,1.120290 
1143,2662,568.77,1.120365 
1144,2657,566.09,1.111573 
1145,2658,566.63,1.155982 
1146,2658,566.63,1.147195 
1147,2658,566.63,1.147275 
1148,2662,568.77,1.147354 
1149,2660,567.70,1.111967 
1150,2656,565.55,1.129775 
1151,2659,567.16,1.165318 
1152,2665,570.38,1.138800 
1153,2663,569.31,1.085678 
1154,2664,569.84,1.103482 
1155,2630,551.62,1.094689 
1156,2659,567.16,1.396227 
1157,2660,567.70,1.139209 
1158,2658,566.63,1.130421 
1159,2662,568.77,1.148230 
1160,2672,574.13,1.112842 
1161,2667,571.45,1.024250 
1162,2666,570.91,1.068646 
1163,2671,573.59,1.077579 
1164,2667,571.45,1.033316 
1165,2670,573.06,1.068846 
1166,2667,571.45,1.042313 
1167,2666,570.91,1.068978 
1168,2667,571.45,1.077911 
1169,2662,568.77,1.069115 
1170,2667,571.45,1.113515 
1171,2665,570.38,1.069257 
1172,2667,571.45,1.087057 
1173,2665,570.38,1.069395 
1174,2658,566.63,1.087196 
1175,2665,570.38,1.149333 
1176,2668,571.99,1.087345 
1177,2667,571.45,1.060816 
1178,2665,570.38,1.069750 
1179,2670,573.06,1.087551 
1180,2675,575.74,1.043288 
1181,2671,573.59,0.999018 
1182,2669,572.52,1.034543 
1183,2672,574.13,1.052338 
1184,2672,574.13,1.025804 
1185,2671,573.59,1.025866 
1186,2671,573.59,1.034794 
1187,2672,574.13,1.034857 
1188,2672,574.13,1.026053 
1189,2670,573.06,1.026114 
1190,2672,574.13,1.043909 
1191,2671,573.59,1.026240 
1192,2675,575.74,1.035169 
1193,2671,573.59,0.999764 
1194,2672,574.13,1.035289 
1195,2673,574.67,1.026485 
1196,2673,574.67,1.017680 
1197,2660,567.70,1.017740 
1198,2676,576.28,1.133068 
1199,2674,575.20,0.991277 
1200,2672,574.13,1.009067 
1201,2672,574.13,1.026859 
1202,2672,574.13,1.026920 
1203,2676,576.28,1.026982 
1204,2673,574.67,0.991576 
1205,2672,574.13,1.018234 
1206,2673,574.67,1.027160 
1207,2673,574.67,1.018355 
1208,2674,575.20,1.018416 
1209,2674,575.20,1.009610 
1210,2670,573.06,1.009669 
1211,2678,577.35,1.045194 
1212,2675,575.74,0.974325 
1213,2688,582.71,1.000978 
1214,2672,574.13,0.885769 
1215,2675,575.74,1.027677 
1216,2674,575.20,1.001139 
1217,2690,583.78,1.010064 
1218,2678,577.35,0.868256 
1219,2681,578.96,0.974694 
1220,2682,579.49,0.948147 
1221,2679,577.88,0.939331 
1222,2683,580.03,0.965980 
1223,2685,581.10,0.930566 
1224,2670,573.06,0.912880 
1225,2682,579.49,1.045925 
1226,2680,578.42,0.939589 
1227,2675,575.74,0.957371 
1228,2680,578.42,1.001756 
1229,2678,577.35,0.957480 
1230,2676,576.28,0.975265 
1231,2679,577.88,0.993052 
1232,2678,577.35,0.966508 
1233,2683,580.03,0.975428 
1234,2683,580.03,0.931149 
1235,2663,569.31,0.931196 
1236,2681,578.96,1.108577 
1237,2684,580.56,0.949049 
1238,2681,578.96,0.922500 
1239,2678,577.35,0.949146 
1240,2683,580.03,0.975796 
1241,2691,584.32,0.931517 
1242,2683,580.03,0.860630 
1243,2683,580.03,0.931602 
1244,2682,579.49,0.931649 
1245,2688,582.71,0.940563 
1246,2683,580.03,0.887411 
1247,2704,591.28,0.931787 
1248,2683,580.03,0.745634 
1249,2697,587.53,0.931855 
1250,2683,580.03,0.807769 
1251,2688,582.71,0.931932 
1252,2686,581.64,0.887645 
1253,2688,582.71,0.905421 
1254,2688,582.71,0.887730 
1255,2686,581.64,0.887771 
1256,2691,584.32,0.905547 
1257,2688,582.71,0.861256 
1258,2685,581.10,0.887893 
1259,2688,582.71,0.914535 
1260,2686,581.64,0.887979 
1261,2689,583.24,0.905755 
1262,2688,582.71,0.879198 
1263,2688,582.71,0.888104 
1264,2690,583.78,0.888145 
1265,2689,583.24,0.870454 
1266,2687,582.17,0.879359 
1267,2691,584.32,0.897132 
1268,2704,591.28,0.861707 
1269,2692,584.85,0.746478 
1270,2691,584.32,0.852899 
1271,2691,584.32,0.861801 
1272,2689,583.24,0.861839 
1273,2695,586.46,0.879610 
1274,2692,584.85,0.826449 
1275,2691,584.32,0.853082 
1276,2691,584.32,0.861984 
1277,2693,585.39,0.862021 
1278,2691,584.32,0.844326 
1279,2690,583.78,0.862094 
1280,2692,584.85,0.870998 
1281,2688,582.71,0.853303 
1282,2688,582.71,0.888805 
1283,2691,584.32,0.888846 
1284,2699,588.60,0.862288 
1285,2688,582.71,0.791392 
1286,2689,583.24,0.888952 
1287,2690,583.78,0.880127 
1288,2691,584.32,0.871300 
1289,2676,576.28,0.862472 
1290,2688,582.71,0.995509 
1291,2691,584.32,0.889165 
1292,2693,585.39,0.862607 
1293,2694,585.92,0.844911 
1294,2692,584.85,0.836079 
1295,2691,584.32,0.853846 
1296,2695,586.46,0.862748 
1297,2701,589.68,0.827318 
1298,2693,585.39,0.774151 
1299,2700,589.14,0.845110 
1300,2691,584.32,0.783078 
1301,2695,586.46,0.862903 
1302,2687,582.17,0.827473 
1303,2674,575.20,0.898439 
1304,2701,589.68,1.013749 
1305,2700,589.14,0.774407 
1306,2705,591.82,0.783299 
1307,2695,586.46,0.738990 
1308,2694,585.92,0.827676 
1309,2701,589.68,0.836576 
1310,2699,588.60,0.774543 
1311,2693,585.39,0.792301 
1312,2692,584.85,0.845528 
1313,2691,584.32,0.854429 
1314,2701,589.68,0.863332 
1315,2695,586.46,0.774702 
1316,2691,584.32,0.827926 
1317,2694,585.92,0.863426 
1318,2695,586.46,0.836863 
1319,2697,587.53,0.828029 
1320,2695,586.46,0.810329 
1321,2701,589.68,0.828091 
1322,2704,591.28,0.774924 
1323,2701,589.68,0.748349 
1324,2703,590.75,0.774969 
1325,2702,590.21,0.757260 
1326,2699,588.60,0.766149 
1327,2703,590.75,0.792773 
1328,2703,590.75,0.757333 
1329,2703,590.75,0.757355 
1330,2695,586.46,0.757377 
1331,2698,588.07,0.828332 
1332,2701,589.68,0.801764 
1333,2698,588.07,0.775193 
1334,2701,589.68,0.801817 
1335,2698,588.07,0.775246 
1336,2697,587.53,0.801870 
1337,2699,588.60,0.810766 
1338,2702,590.21,0.793062 
1339,2699,588.60,0.766488 
1340,2703,590.75,0.793112 
1341,2701,589.68,0.757672 
1342,2704,591.28,0.775428 
1343,2699,588.60,0.748853 
1344,2701,589.68,0.793207 
1345,2702,590.21,0.775500 
1346,2704,591.28,0.766657 
1347,2695,586.46,0.748948 
1348,2699,588.60,0.828768 
1349,2702,590.21,0.793334 
1350,2686,581.64,0.766761 
1351,2702,590.21,0.908652 
1352,2698,588.07,0.766828 
1353,2704,591.28,0.802318 
1354,2697,587.53,0.749147 
1355,2702,590.21,0.811234 
1356,2698,588.07,0.766930 
1357,2703,590.75,0.802420 
1358,2703,590.75,0.758115 
1359,2700,589.14,0.758137 
1360,2688,582.71,0.784760 
1361,2698,588.07,0.891185 
1362,2700,589.14,0.802559 
1363,2702,590.21,0.784855 
1364,2703,590.75,0.767147 
1365,2704,591.28,0.758304 
1366,2704,591.28,0.749459 
1367,2699,588.60,0.749480 
1368,2705,591.82,0.793834 
1369,2702,590.21,0.740661 
1370,2705,591.82,0.767280 
1371,2702,590.21,0.740703 
1372,2704,591.28,0.767323 
1373,2700,589.14,0.749613 
1374,2697,587.53,0.785101 
1375,2704,591.28,0.811727 
1376,2702,590.21,0.749690 
1377,2700,589.14,0.767443 
1378,2698,588.07,0.785201 
1379,2691,584.32,0.802959 
1380,2697,587.53,0.865054 
1381,2701,589.68,0.811892 
1382,2702,590.21,0.776455 
1383,2700,589.14,0.767612 
1384,2701,589.68,0.785370 
1385,2702,590.21,0.776528 
1386,2706,592.36,0.767686 
1387,2704,591.28,0.732243 
1388,2703,590.75,0.749994 
1389,2701,589.68,0.758881 
1390,2702,590.21,0.776637 
1391,2699,588.60,0.767794 
1392,2701,589.68,0.794418 
1393,2698,588.07,0.776712 
1394,2702,590.21,0.803336 
1395,2697,587.53,0.767898 
1396,2688,582.71,0.812255 
1397,2701,589.68,0.892084 
1398,2697,587.53,0.776859 
1399,2698,588.07,0.812351 
1400,2703,590.75,0.803513 
1401,2688,582.71,0.759208 
1402,2714,596.64,0.892230 
1403,2703,590.75,0.661738 
1404,2704,591.28,0.759279 
1405,2700,589.14,0.750435 
1406,2704,591.28,0.785923 
1407,2705,591.82,0.750481 
1408,2700,589.14,0.741635 
1409,2699,588.60,0.785989 
1410,2704,591.28,0.794881 
1411,2703,590.75,0.750575 
1412,2701,589.68,0.759462 
1413,2703,590.75,0.777217 
1414,2704,591.28,0.759508 
1415,2699,588.60,0.750664 
1416,2702,590.21,0.795018 
1417,2703,590.75,0.768444 
1418,2704,591.28,0.759601 
1419,2702,590.21,0.750757 
1420,2698,588.07,0.768510 
1421,2701,589.68,0.804000 
1422,2704,591.28,0.777429 
1423,2718,598.79,0.750854 
1424,2704,591.28,0.626741 
1425,2701,589.68,0.750877 
1426,2702,590.21,0.777498 
1427,2704,591.28,0.768655 
1428,2704,591.28,0.750946 
1429,2704,591.28,0.750967 
1430,2704,591.28,0.750988 
1431,2704,591.28,0.751008 
1432,2704,591.28,0.751029 
1433,2691,584.32,0.751050 
1434,2704,591.28,0.866337 
1435,2703,590.75,0.751108 
1436,2703,590.75,0.759995 
1437,2704,591.28,0.760017 
1438,2713,596.11,0.751172 
1439,2707,592.89,0.671393 
1440,2701,589.68,0.724603 
1441,2710,594.50,0.777819 
1442,2704,591.28,0.698043 
1443,2704,591.28,0.751257 
1444,2708,593.43,0.751278 
1445,2707,592.89,0.715831 
1446,2706,592.36,0.724714 
1447,2702,590.21,0.733598 
1448,2702,590.21,0.769082 
1449,2701,589.68,0.769105 
1450,2697,587.53,0.777996 
1451,2705,591.82,0.813487 
1452,2699,588.60,0.742583 
1453,2703,590.75,0.795803 
1454,2702,590.21,0.760363 
1455,2703,590.75,0.769251 
1456,2704,591.28,0.760408 
1457,2702,590.21,0.751564 
1458,2705,591.82,0.769317 
1459,2701,589.68,0.742741 
1460,2702,590.21,0.778227 
1461,2704,591.28,0.769384 
1462,2704,591.28,0.751675 
1463,2704,591.28,0.751696 
1464,2704,591.28,0.751717 
1465,2707,592.89,0.751737 
1466,2704,591.28,0.725158 
1467,2703,590.75,0.751775 
1468,2704,591.28,0.760662 
1469,2704,591.28,0.751818 
1470,2706,592.36,0.751838 
1471,2706,592.36,0.734126 
1472,2703,590.75,0.734144 
1473,2705,591.82,0.760762 
1474,2685,581.10,0.743050 
1475,2697,587.53,0.920404 
1476,2702,590.21,0.814049 
1477,2704,591.28,0.769744 
1478,2701,589.68,0.752035 
1479,2699,588.60,0.778655 
1480,2701,589.68,0.796413 
1481,2704,591.28,0.778707 
1482,2704,591.28,0.752132 
1483,2703,590.75,0.752153 
1484,2703,590.75,0.761039 
1485,2703,590.75,0.761062 
1486,2704,591.28,0.761084 
1487,2704,591.28,0.752239 
1488,2704,591.28,0.752260 
1489,2704,591.28,0.752281 
1490,2695,586.46,0.752301 
1491,2705,591.82,0.832122 
1492,2704,591.28,0.743487 
1493,2701,589.68,0.752374 
1494,2704,591.28,0.778994 
1495,2706,592.36,0.752419 
1496,2704,591.28,0.734706 
1497,2705,591.82,0.752458 
1498,2704,591.28,0.743612 
1499,2715,597.18,0.752498 
1500,2705,591.82,0.654985 
1501,2723,601.47,0.743658 
1502,2704,591.28,0.584078 
1503,2709,593.96,0.752542 
1504,2718,598.79,0.708229 
1505,2705,591.82,0.628443 
1506,2706,592.36,0.743712 
1507,2709,593.96,0.734866 
1508,2705,591.82,0.708284 
1509,2704,591.28,0.743764 
1510,2703,590.75,0.752651 
1511,2706,592.36,0.761538 
1512,2702,590.21,0.734960 
1513,2707,592.89,0.770444 
1514,2705,591.82,0.726135 
1515,2704,591.28,0.743885 
1516,2704,591.28,0.752772 
1517,2705,591.82,0.752792 
1518,2704,591.28,0.743946 
1519,2704,591.28,0.752833 
1520,2704,591.28,0.752853 
1521,2704,591.28,0.752874 
1522,2704,591.28,0.752895 
1523,2704,591.28,0.752915 
1524,2704,591.28,0.752936 
1525,2715,597.18,0.752957 
1526,2705,591.82,0.655444 
1527,2704,591.28,0.744117 
1528,2709,593.96,0.753004 
1529,2704,591.28,0.708691 
1530,2706,592.36,0.753039 
1531,2711,595.04,0.735326 
1532,2703,590.75,0.691011 
1533,2704,591.28,0.761956 
1534,2704,591.28,0.753112 
1535,2704,591.28,0.753132 
1536,2704,591.28,0.753153 
1537,2705,591.82,0.753174 
1538,2711,595.04,0.744327 
1539,2704,591.28,0.691147 
1540,2710,594.50,0.753226 
1541,2703,590.75,0.700046 
1542,2707,592.89,0.762126 
1543,2704,591.28,0.726682 
1544,2707,592.89,0.753299 
1545,2710,594.50,0.726719 
1546,2720,599.86,0.700136 
1547,2704,591.28,0.611482 
1548,2706,592.36,0.753350 
1549,2707,592.89,0.735637 
1550,2704,591.28,0.726789 
1551,2707,592.89,0.753405 
1552,2708,593.43,0.726826 
1553,2706,592.36,0.717976 
1554,2707,592.89,0.735725 
1555,2709,593.96,0.726877 
1556,2706,592.36,0.709160 
1557,2710,594.50,0.735775 
1558,2714,596.64,0.700326 
1559,2710,594.50,0.664873 
1560,2704,591.28,0.700347 
1561,2704,591.28,0.753560 
1562,2709,593.96,0.753581 
1563,2710,594.50,0.709269 
1564,2706,592.36,0.700416 
1565,2709,593.96,0.735896 
1566,2711,595.04,0.709314 
1567,2706,592.36,0.691595 
1568,2707,592.89,0.735940 
1569,2704,591.28,0.727092 
1570,2707,592.89,0.753709 
1571,2705,591.82,0.727130 
1572,2706,592.36,0.744879 
1573,2706,592.36,0.736032 
1574,2704,591.28,0.736050 
1575,2705,591.82,0.753802 
1576,2704,591.28,0.744956 
1577,2708,593.43,0.753842 
1578,2708,593.43,0.718396 
1579,2710,594.50,0.718412 
1580,2706,592.36,0.700694 
1581,2715,597.18,0.736174 
1582,2711,595.04,0.656392 
1583,2706,592.36,0.691866 
1584,2714,596.64,0.736211 
1585,2710,594.50,0.665296 
1586,2710,594.50,0.700770 
1587,2710,594.50,0.700783 
1588,2707,592.89,0.700796 
1589,2707,592.89,0.727410 
1590,2706,592.36,0.727427 
1591,2706,592.36,0.736310 
1592,2710,594.50,0.736328 
1593,2710,594.50,0.700879 
1594,2707,592.89,0.700892 
1595,2710,594.50,0.727506 
1596,2711,595.04,0.700922 
1597,2709,593.96,0.692069 
1598,2708,593.43,0.709814 
1599,2704,591.28,0.718695 
1600,2709,593.96,0.754178 
1601,2709,593.96,0.709865 
1602,2710,594.50,0.709879 
1603,2708,593.43,0.701026 
1604,2706,592.36,0.718773 
1605,2705,591.82,0.736522 
1606,2706,592.36,0.745407 
1607,2708,593.43,0.736560 
1608,2706,592.36,0.718845 
1609,2707,592.89,0.736594 
1610,2701,589.68,0.727746 
1611,2713,596.11,0.780962 
1612,2707,592.89,0.674587 
1613,2714,596.64,0.727796 
1614,2720,599.86,0.665746 
1615,2715,597.18,0.612554 
1616,2715,597.18,0.656887 
1617,2714,596.64,0.656894 
1618,2706,592.36,0.665768 
1619,2715,597.18,0.736709 
1620,2715,597.18,0.656927 
1621,2715,597.18,0.656934 
1622,2714,596.64,0.656940 
1623,2711,595.04,0.665814 
1624,2711,595.04,0.692422 
1625,2710,594.50,0.692434 
1626,2711,595.04,0.701312 
1627,2710,594.50,0.692459 
1628,2709,593.96,0.701337 
1629,2706,592.36,0.710217 
1630,2713,596.11,0.736831 
1631,2717,598.25,0.674783 
1632,2713,596.11,0.639325 
1633,2715,597.18,0.674796 
1634,2714,596.64,0.657072 
1635,2715,597.18,0.665946 
1636,2715,597.18,0.657087 
1637,2718,598.79,0.657093 
1638,2713,596.11,0.630500 
1639,2716,597.72,0.674836 
1640,2711,595.04,0.648246 
1641,2715,597.18,0.692585 
1642,2710,594.50,0.657129 
1643,2714,596.64,0.701469 
1644,2716,597.72,0.666016 
1645,2716,597.72,0.648291 
1646,2715,597.18,0.648296 
1647,2715,597.18,0.657168 
1648,2721,600.40,0.657175 
1649,2717,598.25,0.603982 
1650,2713,596.11,0.639447 
1651,2729,604.69,0.674918 
1652,2714,596.64,0.533061 
1653,2719,599.32,0.666050 
1654,2711,595.04,0.621725 
1655,2711,595.04,0.692659 
1656,2718,598.79,0.692671 
1657,2721,600.40,0.630616 
1658,2719,599.32,0.604019 
1659,2717,598.25,0.621752 
1660,2720,599.86,0.639486 
1661,2714,596.64,0.612890 
1662,2715,597.18,0.666091 
1663,2718,598.79,0.657232 
1664,2715,597.18,0.630639 
1665,2717,598.25,0.657242 
1666,2715,597.18,0.639515 
1667,2716,597.72,0.657252 
1668,2725,602.54,0.648393 
1669,2714,596.64,0.568598 
1670,2720,599.86,0.666126 
1671,2719,599.32,0.612933 
1672,2715,597.18,0.621801 
1673,2709,593.96,0.657268 
1674,2736,608.44,0.710476 
1675,2730,605.22,0.471089 
1676,2710,594.50,0.524270 
1677,2718,598.79,0.701590 
1678,2719,599.32,0.630670 
1679,2715,597.18,0.621807 
1680,2715,597.18,0.657275 
1681,2717,598.25,0.657281 
1682,2734,607.37,0.639555 
1683,2709,593.96,0.488825 
1684,2714,596.64,0.710475 
1685,2711,595.04,0.666156 
1686,2714,596.64,0.692764 
1687,2709,593.96,0.666176 
1688,2714,596.64,0.710517 
1689,2710,594.50,0.666198 
1690,2718,598.79,0.701672 
1691,2718,598.79,0.630752 
1692,2719,599.32,0.630755 
1693,2714,596.64,0.621892 
1694,2710,594.50,0.666227 
1695,2714,596.64,0.701701 
1696,2786,635.24,0.666248 
1697,2710,594.50,0.027854 
1698,2688,582.71,0.701638 
1699,2722,600.93,0.896718 
1700,2708,593.43,0.595293 
1701,2714,596.64,0.719424 
1702,2717,598.25,0.666240 
1703,2737,608.97,0.639647 
1704,2714,596.64,0.462318 
1705,2714,596.64,0.666230 
1706,2716,597.72,0.666238 
1707,2718,598.79,0.648513 
1708,2727,603.61,0.630785 
1709,2707,592.89,0.550987 
1710,2709,593.96,0.728313 
1711,2718,598.79,0.710596 
1712,2704,591.28,0.630810 
1713,2709,593.96,0.754947 
1714,2711,595.04,0.710634 
1715,2735,607.90,0.692915 
1716,2709,593.96,0.480127 
1717,2706,592.36,0.710642 
1718,2705,591.82,0.737256 
1719,2709,593.96,0.746140 
1720,2708,593.43,0.710694 
1721,2715,597.18,0.719574 
1722,2710,594.50,0.657523 
1723,2711,595.04,0.701863 
1724,2710,594.50,0.693010 
1725,2714,596.64,0.701888 
1726,2711,595.04,0.666435 
1727,2714,596.64,0.693043 
1728,2710,594.50,0.666455 
1729,2709,593.96,0.701929 
1730,2706,592.36,0.710809 
1731,2710,594.50,0.737423 
1732,2709,593.96,0.701974 
1733,2706,592.36,0.710855 
1734,2713,596.11,0.737469 
1735,2708,593.43,0.675420 
1736,2710,594.50,0.719763 
1737,2711,595.04,0.702045 
1738,2706,592.36,0.693192 
1739,2707,592.89,0.737537 
1740,2698,588.07,0.728689 
1741,2715,597.18,0.808505 
1742,2713,596.11,0.657800 
1743,2713,596.11,0.675540 
1744,2709,593.96,0.675549 
1745,2708,593.43,0.711026 
1746,2704,591.28,0.719906 
1747,2714,596.64,0.755389 
1748,2713,596.11,0.666743 
1749,2714,596.64,0.675617 
1750,2713,596.11,0.666760 
1751,2712,595.57,0.675635 
1752,2711,595.04,0.684511 
1753,2718,598.79,0.693388 
1754,2712,595.57,0.631333 
1755,2714,596.64,0.684536 
1756,2707,592.89,0.666813 
1757,2715,597.18,0.728888 
1758,2708,593.43,0.657971 
1759,2708,593.43,0.720045 
1760,2714,596.64,0.720060 
1761,2719,599.32,0.666876 
1762,2706,592.36,0.622551 
1763,2711,595.04,0.737819 
1764,2736,608.44,0.693504 
1765,2709,593.96,0.471848 
1766,2708,593.43,0.711229 
1767,2709,593.96,0.720110 
1768,2707,592.89,0.711259 
1769,2710,594.50,0.729007 
1770,2702,590.21,0.702423 
1771,2711,595.04,0.773369 
1772,2711,595.04,0.693593 
1773,2713,596.11,0.693605 
1774,2706,592.36,0.675883 
1775,2709,593.96,0.737959 
1776,2705,591.82,0.711378 
1777,2711,595.04,0.746858 
1778,2710,594.50,0.693678 
1779,2709,593.96,0.702556 
1780,2731,605.76,0.711436 
1781,2713,596.11,0.516383 
1782,2710,594.50,0.675970 
1783,2717,598.25,0.702579 
1784,2713,596.11,0.640525 
1785,2709,593.96,0.675997 
1786,2714,596.64,0.711473 
1787,2704,591.28,0.667154 
1788,2708,593.43,0.755828 
1789,2712,595.57,0.720382 
1790,2708,593.43,0.684932 
1791,2709,593.96,0.720408 
1792,2711,595.04,0.711558 
1793,2705,591.82,0.693839 
1794,2710,594.50,0.747050 
1795,2709,593.96,0.702736 
1796,2707,592.89,0.711616 
1797,2711,595.04,0.729364 
1798,2720,599.86,0.693914 
1799,2711,595.04,0.614126 
1800,2705,591.82,0.693926 
1801,2705,591.82,0.747138 
1802,2714,596.64,0.747157 
1803,2708,593.43,0.667377 
1804,2718,598.79,0.720585 
1805,2713,596.11,0.631934 
1806,2717,598.25,0.676270 
1807,2706,592.36,0.640812 
1808,2710,594.50,0.738350 
1809,2711,595.04,0.702901 
1810,2714,596.64,0.694048 
1811,2721,600.40,0.667460 
1812,2714,596.64,0.605401 
1813,2717,598.25,0.667467 
1814,2718,598.79,0.640874 
1815,2719,599.32,0.632012 
1816,2717,598.25,0.623149 
1817,2717,598.25,0.640883 
1818,2718,598.79,0.640887 
1819,2712,595.57,0.632025 
1820,2718,598.79,0.685229 
1821,2719,599.32,0.632039 
1822,2714,596.64,0.623175 
1823,2719,599.32,0.667510 
1824,2721,600.40,0.623185 
1825,2711,595.04,0.605453 
1826,2705,591.82,0.694118 
1827,2719,599.32,0.747330 
1828,2714,596.64,0.623217 
1829,2702,590.21,0.667552 
1830,2706,592.36,0.773959 
1831,2715,597.18,0.738516 
1832,2710,594.50,0.658734 
1833,2709,593.96,0.703074 
1834,2717,598.25,0.711954 
1835,2718,598.79,0.641034 
1836,2715,597.18,0.632172 
1837,2713,596.11,0.658775 
1838,2718,598.79,0.676515 
1839,2710,594.50,0.632191 
1840,2714,596.64,0.703127 
1841,2717,598.25,0.667674 
1842,2715,597.18,0.641081 
1843,2719,599.32,0.658819 
1844,2717,598.25,0.623360 
1845,2717,598.25,0.641094 
1846,2719,599.32,0.641098 
1847,2713,596.11,0.623370 
1848,2711,595.04,0.676571 
1849,2717,598.25,0.694313 
1850,2713,596.11,0.641125 
1851,2718,598.79,0.676596 
1852,2721,600.40,0.632272 
1853,2721,600.40,0.605675 
1854,2720,599.86,0.605674 
1855,2711,595.04,0.614539 
1856,2717,598.25,0.694340 
1857,2704,591.28,0.641151 
1858,2717,598.25,0.756423 
1859,2714,596.64,0.641176 
1860,2715,597.18,0.667781 
1861,2716,597.72,0.658922 
1862,2717,598.25,0.650062 
1863,2719,599.32,0.641200 
1864,2723,601.47,0.623472 
1865,2726,603.08,0.588007 
1866,2717,598.25,0.561403 
1867,2719,599.32,0.641195 
1868,2718,598.79,0.623467 
1869,2714,596.64,0.632335 
1870,2715,597.18,0.667805 
1871,2715,597.18,0.658946 
1872,2720,599.86,0.658952 
1873,2707,592.89,0.614626 
1874,2718,598.79,0.729893 
1875,2722,600.93,0.632376 
1876,2717,598.25,0.596913 
1877,2715,597.18,0.641243 
1878,2723,601.47,0.658981 
1879,2715,597.18,0.588055 
1880,2721,600.40,0.658984 
1881,2718,598.79,0.605791 
1882,2718,598.79,0.632390 
1883,2721,600.40,0.632393 
1884,2711,595.04,0.605796 
1885,2718,598.79,0.694462 
1886,2714,596.64,0.632407 
1887,2732,606.29,0.667877 
1888,2720,599.86,0.508284 
1889,2721,600.40,0.614669 
1890,2709,593.96,0.605803 
1891,2715,597.18,0.712202 
1892,2711,595.04,0.659016 
1893,2719,599.32,0.694490 
1894,2722,600.93,0.623569 
1895,2735,607.90,0.596971 
1896,2720,599.86,0.481701 
1897,2721,600.40,0.614682 
1898,2724,602.00,0.605816 
1899,2717,598.25,0.579214 
1900,2717,598.25,0.641276 
1901,2719,599.32,0.641281 
1902,2719,599.32,0.623552 
1903,2689,583.24,0.623554 
1904,2719,599.32,0.889555 
1905,2719,599.32,0.623595 
1906,2736,608.44,0.623597 
1907,2721,600.40,0.472864 
1908,2719,599.32,0.605845 
1909,2720,599.86,0.623578 
1910,2722,600.93,0.614712 
1911,2716,597.72,0.596980 
1912,2719,599.32,0.650177 
1913,2722,600.93,0.623583 
1914,2721,600.40,0.596985 
1915,2719,599.32,0.605849 
1916,2719,599.32,0.623581 
1917,2720,599.86,0.623583 
1918,2718,598.79,0.614717 
1919,2698,588.07,0.632451 
1920,2717,598.25,0.809787 
1921,2721,600.40,0.641348 
1922,2718,598.79,0.605887 
1923,2713,596.11,0.632485 
1924,2718,598.79,0.676822 
1925,2717,598.25,0.632497 
1926,2717,598.25,0.641367 
1927,2726,603.08,0.641371 
1928,2714,596.64,0.561576 
1929,2716,597.72,0.667968 
1930,2718,598.79,0.650243 
1931,2721,600.40,0.632515 
1932,2718,598.79,0.605918 
1933,2719,599.32,0.632517 
1934,2722,600.93,0.623653 
1935,2721,600.40,0.597055 
1936,2722,600.93,0.605919 
1937,2720,599.86,0.597052 
1938,2722,600.93,0.614782 
1939,2722,600.93,0.597050 
1940,2722,600.93,0.597048 
1941,2720,599.86,0.597046 
1942,2718,598.79,0.614776 
1943,2715,597.18,0.632510 
1944,2718,598.79,0.659113 
1945,2721,600.40,0.632519 
1946,2714,596.64,0.605923 
1947,2717,598.25,0.667988 
1948,2716,597.72,0.641396 
1949,2717,598.25,0.650267 
1950,2717,598.25,0.641405 
1951,2716,597.72,0.641409 
1952,2716,597.72,0.650281 
1953,2718,598.79,0.650286 
1954,2718,598.79,0.632558 
1955,2717,598.25,0.632561 
1956,2717,598.25,0.641430 
1957,2703,590.75,0.641434 
1958,2711,595.04,0.765572 
1959,2720,599.86,0.694661 
1960,2717,598.25,0.614872 
1961,2719,599.32,0.641473 
1962,2720,599.86,0.623744 
1963,2719,599.32,0.614879 
1964,2715,597.18,0.623746 
1965,2719,599.32,0.659214 
1966,2715,597.18,0.623755 
1967,2720,599.86,0.659222 
1968,2719,599.32,0.614896 
1969,2719,599.32,0.623763 
1970,2720,599.86,0.623765 
1971,2722,600.93,0.614899 
1972,2718,598.79,0.597167 
1973,2724,602.00,0.632631 
1974,2720,599.86,0.579433 
1975,2723,601.47,0.614895 
1976,2718,598.79,0.588296 
1977,2720,599.86,0.632626 
1978,2721,600.40,0.614895 
1979,2721,600.40,0.606029 
1980,2722,600.93,0.606028 
1981,2719,599.32,0.597161 
1982,2720,599.86,0.623758 
1983,2721,600.40,0.614893 
1984,2718,598.79,0.606027 
1985,2722,600.93,0.632626 
1986,2719,599.32,0.597163 
1987,2717,598.25,0.623760 
1988,2716,597.72,0.641494 
1989,2721,600.40,0.650366 
1990,2719,599.32,0.606038 
1991,2709,593.96,0.623770 
1992,2714,596.64,0.712439 
1993,2715,597.18,0.668120 
1994,2707,592.89,0.659260 
1995,2720,599.86,0.730201 
1996,2720,599.86,0.614951 
1997,2714,596.64,0.614951 
1998,2713,596.11,0.668152 
1999,2714,596.64,0.677026 
2000,2727,603.61,0.668169 
2001,2720,599.86,0.552910 
2002,2722,600.93,0.614968 
2003,2720,599.86,0.597236 
2004,2719,599.32,0.614966 
2005,2719,599.32,0.623834 
2006,2720,599.86,0.623835 
2007,2715,597.18,0.614970 
2008,2717,598.25,0.659303 
2009,2717,598.25,0.641576 
2010,2719,599.32,0.641581 
2011,2717,598.25,0.623852 
2012,2722,600.93,0.641586 
2013,2724,602.00,0.597258 
2014,2720,599.86,0.579521 
2015,2724,602.00,0.614984 
2016,2719,599.32,0.579517 
2017,2717,598.25,0.623847 
2018,2719,599.32,0.641581 
2019,2721,600.40,0.623852 
2020,2720,599.86,0.606120 
2021,2719,599.32,0.614986 
2022,2726,603.08,0.623853 
2023,2720,599.86,0.561788 
2024,2716,597.72,0.614980 
2025,2723,601.47,0.650448 
2026,2714,596.64,0.588386 
2027,2721,600.40,0.668183 
2028,2722,600.93,0.606124 
2029,2713,596.11,0.597257 
2030,2722,600.93,0.677054 
2031,2725,602.54,0.597264 
2032,2722,600.93,0.570661 
2033,2736,608.44,0.597256 
2034,2722,600.93,0.473119 
2035,2721,600.40,0.597234 
2036,2718,598.79,0.606098 
2037,2721,600.40,0.632697 
2038,2719,599.32,0.606100 
2039,2718,598.79,0.623832 
2040,2711,595.04,0.632700 
2041,2720,599.86,0.694770 
2042,2720,599.86,0.614981 
2043,2718,598.79,0.614982 
2044,2721,600.40,0.632715 
2045,2714,596.64,0.606119 
2046,2716,597.72,0.668184 
2047,2715,597.18,0.650459 
2048,2717,598.25,0.659331 
2049,2717,598.25,0.641604 
2050,2717,598.25,0.641608 
2051,2720,599.86,0.641612 
2052,2718,598.79,0.615016 
2053,2716,597.72,0.632750 
2054,2719,599.32,0.650487 
2055,2725,602.54,0.623892 
2056,2717,598.25,0.570693 
2057,2717,598.25,0.641620 
2058,2718,598.79,0.641625 
2059,2719,599.32,0.632762 
2060,2717,598.25,0.623899 
2061,2717,598.25,0.641633 
2062,2718,598.79,0.641637 
2063,2725,602.54,0.632775 
2064,2717,598.25,0.570711 
2065,2720,599.86,0.641638 
2066,2717,598.25,0.615043 
2067,2719,599.32,0.641643 
2068,2716,597.72,0.623914 
2069,2720,599.86,0.650516 
2070,2715,597.18,0.615054 
2071,2718,598.79,0.659388 
2072,2734,607.37,0.632795 
2073,2718,598.79,0.490931 
2074,2719,599.32,0.632780 
2075,2725,602.54,0.623917 
2076,2720,599.86,0.570718 
2077,2721,600.40,0.615045 
2078,2714,596.64,0.606179 
2079,2717,598.25,0.668245 
2080,2727,603.61,0.641652 
2081,2726,603.08,0.552990 
2082,2721,600.40,0.561848 
2083,2723,601.47,0.606174 
2084,2714,596.64,0.588440 
2085,2710,594.50,0.668237 
2086,2719,599.32,0.703711 
2087,2718,598.79,0.623925 
2088,2721,600.40,0.632792 
2089,2721,600.40,0.606196 
2090,2716,597.72,0.606195 
2091,2721,600.40,0.650527 
2092,2721,600.40,0.606199 
2093,2718,598.79,0.606198 
2094,2714,596.64,0.632797 
2095,2720,599.86,0.668267 
2096,2720,599.86,0.615074 
2097,2724,602.00,0.615075 
2098,2722,600.93,0.579608 
2099,2723,601.47,0.597338 
2100,2714,596.64,0.588468 
2101,2724,602.00,0.668265 
2102,2721,600.40,0.579605 
2103,2735,607.90,0.606201 
2104,2719,599.32,0.482067 
2105,2720,599.86,0.623915 
2106,2725,602.54,0.615050 
2107,2721,600.40,0.570717 
2108,2719,599.32,0.606178 
2109,2723,601.47,0.623910 
2110,2717,598.25,0.588445 
2111,2718,598.79,0.641641 
2112,2722,600.93,0.632779 
2113,2718,598.79,0.597316 
2114,2719,599.32,0.632779 
2115,2721,600.40,0.623916 
2116,2723,601.47,0.606184 
2117,2711,595.04,0.588450 
2118,2715,597.18,0.694846 
2119,2714,596.64,0.659391 
2120,2715,597.18,0.668265 
2121,2722,600.93,0.659406 
2122,2719,599.32,0.597347 
2123,2722,600.93,0.623944 
2124,2721,600.40,0.597346 
2125,2722,600.93,0.606210 
2126,2723,601.47,0.597343 
2127,2720,599.86,0.588473 
2128,2719,599.32,0.615070 
2129,2727,603.61,0.623937 
2130,2717,598.25,0.553005 
2131,2716,597.72,0.641663 
2132,2721,600.40,0.650534 
2133,2713,596.11,0.606206 
2134,2715,597.18,0.677138 
2135,2715,597.18,0.659414 
2136,2715,597.18,0.659421 
2137,2713,596.11,0.659428 
2138,2710,594.50,0.677168 
2139,2722,600.93,0.703777 
2140,2672,574.13,0.597391 
2141,2726,603.08,1.040722 
2142,2725,602.54,0.561983 
2143,2727,603.61,0.570842 
2144,2725,602.54,0.553102 
2145,2726,603.08,0.570827 
2146,2719,599.32,0.561955 
2147,2691,584.32,0.624015 
2148,2725,602.54,0.872282 
2149,2723,601.47,0.570853 
2150,2726,603.08,0.588580 
2151,2734,607.37,0.561977 
2152,2726,603.08,0.491036 
2153,2726,603.08,0.561952 
2154,2722,600.93,0.561945 
2155,2725,602.54,0.597405 
2156,2724,602.00,0.570802 
2157,2725,602.54,0.579662 
2158,2721,600.40,0.570791 
2159,2718,598.79,0.606252 
2160,2721,600.40,0.632851 
2161,2725,602.54,0.606254 
2162,2723,601.47,0.570786 
2163,2725,602.54,0.588513 
2164,2733,606.83,0.570776 
2165,2726,603.08,0.499837 
2166,2733,606.83,0.561888 
2167,2729,604.69,0.499814 
2168,2719,599.32,0.535264 
2169,2723,601.47,0.623920 
2170,2729,604.69,0.588454 
2171,2722,600.93,0.535251 
2172,2723,601.47,0.597307 
2173,2730,605.22,0.588438 
2174,2725,602.54,0.526367 
2175,2729,604.69,0.570688 
2176,2725,602.54,0.535216 
2177,2727,603.61,0.570671 
2178,2721,600.40,0.552931 
2179,2722,600.93,0.606123 
2180,2724,602.00,0.597256 
2181,2725,602.54,0.579519 
2182,2734,607.37,0.570648 
2183,2727,603.61,0.490842 
2184,2722,600.93,0.552891 
2185,2723,601.47,0.597217 
2186,2741,611.12,0.588348 
2187,2726,603.08,0.428743 
2188,2720,599.86,0.561718 
2189,2714,596.64,0.614910 
2190,2718,598.79,0.668111 
2191,2722,600.93,0.632652 
2192,2718,598.79,0.597189 
2193,2725,602.54,0.632653 
2194,2726,603.08,0.570589 
2195,2720,599.86,0.561716 
2196,2705,591.82,0.614909 
2197,2707,592.89,0.747909 
2198,2723,601.47,0.730196 
2199,2726,603.08,0.588345 
2200,2723,601.47,0.561742 
2201,2727,603.61,0.588335 
2202,2721,600.40,0.552864 
2203,2719,599.32,0.606056 
2204,2721,600.40,0.623789 
2205,2721,600.40,0.606057 
2206,2721,600.40,0.606056 
2207,2720,599.86,0.606055 
2208,2723,601.47,0.614920 
2209,2723,601.47,0.588321 
2210,2720,599.86,0.588317 
2211,2721,600.40,0.614914 
2212,2722,600.93,0.606048 
2213,2720,599.86,0.597180 
2214,2720,599.86,0.614911 
2215,2717,598.25,0.614911 
2216,2721,600.40,0.641511 
2217,2717,598.25,0.606049 
2218,2722,600.93,0.641514 
2219,2717,598.25,0.597186 
2220,2722,600.93,0.641516 
2221,2721,600.40,0.597188 
2222,2722,600.93,0.606052 
2223,2729,604.69,0.597185 
2224,2722,600.93,0.535116 
2225,2725,602.54,0.597172 
2226,2721,600.40,0.570569 
2227,2719,599.32,0.606030 
2228,2720,599.86,0.623762 
2229,2704,591.28,0.614897 
2230,2718,598.79,0.756764 
2231,2724,602.00,0.632651 
2232,2736,608.44,0.579453 
2233,2726,603.08,0.473049 
2234,2725,602.54,0.561696 
2235,2722,600.93,0.570555 
2236,2721,600.40,0.597150 
2237,2722,600.93,0.606014 
2238,2722,600.93,0.597147 
2239,2720,599.86,0.597144 
2240,2720,599.86,0.614875 
2241,2723,601.47,0.614875 
2242,2722,600.93,0.588276 
2243,2727,603.61,0.597139 
2244,2714,596.64,0.552803 
2245,2723,601.47,0.668062 
2246,2725,602.54,0.588269 
2247,2723,601.47,0.570532 
2248,2718,598.79,0.588260 
2249,2727,603.61,0.632590 
2250,2719,599.32,0.552792 
2251,2719,599.32,0.623718 
2252,2710,594.50,0.623719 
2253,2721,600.40,0.703520 
2254,2723,601.47,0.606000 
2255,2722,600.93,0.588266 
2256,2722,600.93,0.597130 
2257,2724,602.00,0.597127 
2258,2721,600.40,0.579391 
2259,2720,599.86,0.605987 
2260,2718,598.79,0.614852 
2261,2718,598.79,0.632586 
2262,2721,600.40,0.632589 
2263,2721,600.40,0.605992 
2264,2721,600.40,0.605991 
2265,2723,601.47,0.605990 
2266,2715,597.18,0.588255 
2267,2721,600.40,0.659185 
2268,2721,600.40,0.605992 
2269,2717,598.25,0.605991 
2270,2720,599.86,0.641456 
2271,2714,596.64,0.614861 
2272,2713,596.11,0.668062 
2273,2716,597.72,0.676936 
2274,2718,598.79,0.650345 
2275,2719,599.32,0.632617 
2276,2711,595.04,0.623754 
2277,2717,598.25,0.694689 
2278,2719,599.32,0.641500 
2279,2720,599.86,0.623771 
2280,2718,598.79,0.614906 
2281,2722,600.93,0.632640 
2282,2721,600.40,0.597176 
2283,2718,598.79,0.606041 
2284,2724,602.00,0.632639 
2285,2724,602.00,0.579442 
2286,2711,595.04,0.579437 
2287,2721,600.40,0.694700 
2288,2714,596.64,0.606045 
2289,2715,597.18,0.668111 
2290,2722,600.93,0.659251 
2291,2717,598.25,0.597192 
2292,2717,598.25,0.641522 
2293,2718,598.79,0.641526 
2294,2717,598.25,0.632664 
2295,2720,599.86,0.641533 
2296,2720,599.86,0.614938 
2297,2719,599.32,0.614938 
2298,2722,600.93,0.623806 
2299,2721,600.40,0.597208 
2300,2721,600.40,0.606072 
2301,2722,600.93,0.606071 
2302,2722,600.93,0.597203 
2303,2723,601.47,0.597201 
2304,2719,599.32,0.588332 
2305,2721,600.40,0.623795 
2306,2729,604.69,0.606063 
2307,2721,600.40,0.535129 
2308,2725,602.54,0.606051 
2309,2723,601.47,0.570583 
2310,2723,601.47,0.588311 
2311,2722,600.93,0.588307 
2312,2721,600.40,0.597171 
2313,2725,602.54,0.606035 
2314,2717,598.25,0.570567 
2315,2722,600.93,0.641494 
2316,2719,599.32,0.597166 
2317,2715,597.18,0.623764 
2318,2720,599.86,0.659231 
2319,2720,599.86,0.614905 
2320,2717,598.25,0.614905 
2321,2719,599.32,0.641505 
2322,2720,599.86,0.623777 
2323,2724,602.00,0.614911 
2324,2720,599.86,0.579444 
2325,2719,599.32,0.614907 
2326,2724,602.00,0.623774 
2327,2722,600.93,0.579442 
2328,2718,598.79,0.597171 
2329,2726,603.08,0.632635 
2330,2726,603.08,0.561705 
2331,2726,603.08,0.561698 
2332,2724,602.00,0.561690 
2333,2719,599.32,0.579416 
2334,2722,600.93,0.623745 
2335,2722,600.93,0.597147 
2336,2725,602.54,0.597145 
2337,2714,596.64,0.570542 
2338,2725,602.54,0.668069 
2339,2821,654.00,0.570544 
2340,2737,608.97,-0.280663 
2341,2737,608.97,0.464009 
2342,2733,606.83,0.463988 
2343,2731,605.76,0.499433 
2344,2734,607.37,0.517150 
2345,2730,605.22,0.490536 
2346,2736,608.44,0.525986 
2347,2735,607.90,0.472773 
2348,2735,607.90,0.481620 
2349,2727,603.61,0.481601 
2350,2736,608.44,0.552515 
2351,2726,603.08,0.472706 
2352,2733,606.83,0.561354 
2353,2736,608.44,0.499280 
2354,2733,606.83,0.472663 
2355,2734,607.37,0.499244 
2356,2733,606.83,0.490360 
2357,2736,608.44,0.499210 
2358,2733,606.83,0.472593 
2359,2731,605.76,0.499173 
2360,2733,606.83,0.516890 
2361,2734,607.37,0.499144 
2362,2736,608.44,0.490260 
2363,2735,607.90,0.472509 
2364,2731,605.76,0.481356 
2365,2734,607.37,0.516803 
2366,2731,605.76,0.490190 
2367,2733,606.83,0.516772 
2368,2730,605.22,0.499026 
2369,2733,606.83,0.525609 
2370,2730,605.22,0.498997 
2371,2732,606.29,0.525581 
2372,2733,606.83,0.507835 
2373,2733,606.83,0.498954 
2374,2733,606.83,0.498937 
2375,2729,604.69,0.498921 
2376,2725,602.54,0.534372 
2377,2731,605.76,0.569827 
2378,2736,608.44,0.516620 
2379,2736,608.44,0.472273 
2380,2733,606.83,0.472253 
2381,2735,607.90,0.498834 
2382,2733,606.83,0.481084 
2383,2734,607.37,0.498799 
2384,2733,606.83,0.489915 
2385,2736,608.44,0.498765 
2386,2733,606.83,0.472148 
2387,2732,606.29,0.498729 
2388,2736,608.44,0.507579 
2389,2729,604.69,0.472097 
2390,2731,605.76,0.534145 
2391,2736,608.44,0.516399 
2392,2736,608.44,0.472052 
2393,2733,606.83,0.472032 
2394,2731,605.76,0.498613 
2395,2733,606.83,0.516329 
2396,2730,605.22,0.498583 
2397,2730,605.22,0.525166 
2398,2735,607.90,0.525154 
2399,2733,606.83,0.480808 
2400,2733,606.83,0.498523 
2401,2723,601.47,0.498507 
2402,2731,605.76,0.587157 
2403,2734,607.37,0.516219 
2404,2734,607.37,0.489606 
2405,2730,605.22,0.489588 
2406,2736,608.44,0.525038 
2407,2733,606.83,0.471825 
2408,2732,606.29,0.498406 
2409,2734,607.37,0.507256 
2410,2729,604.69,0.489507 
2411,2732,606.29,0.533824 
2412,2734,607.37,0.507212 
2413,2735,607.90,0.489463 
2414,2734,607.37,0.480580 
2415,2739,610.05,0.489427 
2416,2733,606.83,0.445076 
2417,2732,606.29,0.498253 
2418,2736,608.44,0.507103 
2419,2727,603.61,0.471621 
2420,2734,607.37,0.551401 
2421,2729,604.69,0.489326 
2422,2734,607.37,0.533643 
2423,2727,603.61,0.489297 
2424,2701,589.68,0.551347 
2425,2727,603.61,0.781872 
2426,2731,605.76,0.551363 
2427,2735,607.90,0.515887 
2428,2730,605.22,0.480407 
2429,2718,598.79,0.524722 
2430,2732,606.29,0.631109 
2431,2727,603.61,0.506979 
2432,2731,605.76,0.551297 
2433,2726,603.08,0.515821 
2434,2725,602.54,0.560142 
2435,2725,602.54,0.569001 
2436,2729,604.69,0.568995 
2437,2727,603.61,0.533523 
2438,2723,601.47,0.551244 
2439,2727,603.61,0.586703 
2440,2727,603.61,0.551232 
2441,2729,604.69,0.551223 
2442,2726,603.08,0.533482 
2443,2727,603.61,0.560071 
2444,2736,608.44,0.551196 
2445,2723,601.47,0.471387 
2446,2729,604.69,0.586635 
2447,2730,605.22,0.533432 
2448,2731,605.76,0.524553 
2449,2727,603.61,0.515674 
2450,2727,603.61,0.551127 
2451,2729,604.69,0.551118 
2452,2727,603.61,0.533377 
2453,2723,601.47,0.551099 
2454,2730,605.22,0.586557 
2455,2730,605.22,0.524487 
2456,2726,603.08,0.524474 
2457,2726,603.08,0.559929 
2458,2734,607.37,0.559922 
2459,2722,600.93,0.488980 
2460,2718,598.79,0.595364 
2461,2726,603.08,0.630828 
2462,2727,603.61,0.559897 
2463,2727,603.61,0.551023 
2464,2723,601.47,0.551014 
2465,2724,602.00,0.586473 
2466,2730,605.22,0.577602 
2467,2706,592.36,0.524398 
2468,2729,604.69,0.737185 
2469,2736,608.44,0.533271 
2470,2731,605.76,0.471192 
2471,2727,603.61,0.515505 
2472,2727,603.61,0.550958 
2473,2727,603.61,0.550950 
2474,2733,606.83,0.550941 
2475,2731,605.76,0.497733 
2476,2698,588.07,0.515449 
2477,2731,605.76,0.808036 
2478,2736,608.44,0.515464 
2479,2721,600.40,0.471117 
2480,2730,605.22,0.604098 
2481,2735,607.90,0.524296 
2482,2735,607.90,0.479951 
2483,2736,608.44,0.479932 
2484,2734,607.37,0.471046 
2485,2735,607.90,0.488759 
2486,2731,605.76,0.479876 
2487,2735,607.90,0.515323 
2488,2733,606.83,0.479843 
2489,2734,607.37,0.497558 
2490,2723,601.47,0.488674 
2491,2725,602.54,0.586191 
2492,2725,602.54,0.568454 
2493,2726,603.08,0.568448 
2494,2726,603.08,0.559575 
2495,2722,600.93,0.559568 
2496,2730,605.22,0.595028 
2497,2730,605.22,0.524091 
2498,2723,601.47,0.524079 
2499,2721,600.40,0.586133 
2500,2720,599.86,0.603863 
2501,2723,601.47,0.612729 
2502,2722,600.93,0.586129 
2503,2722,600.93,0.594993 
2504,2721,600.40,0.594991 
2505,2721,600.40,0.603855 
2506,2725,602.54,0.603854 
2507,2722,600.93,0.568386 
2508,2719,599.32,0.594981 
2509,2733,606.83,0.621578 
2510,2723,601.47,0.497446 
2511,2726,603.08,0.586097 
2512,2725,602.54,0.559493 
2513,2729,604.69,0.568352 
2514,2724,602.00,0.532880 
2515,2721,600.40,0.577201 
2516,2722,600.93,0.603797 
2517,2717,598.25,0.594930 
2518,2731,605.76,0.639260 
2519,2719,599.32,0.515131 
2520,2723,601.47,0.621518 
2521,2719,599.32,0.586053 
2522,2718,598.79,0.621516 
2523,2723,601.47,0.630384 
2524,2725,602.54,0.586054 
2525,2722,600.93,0.568317 
2526,2724,602.00,0.594911 
2527,2730,605.22,0.577175 
2528,2725,602.54,0.523970 
2529,2720,599.86,0.568291 
2530,2725,602.54,0.612618 
2531,2725,602.54,0.568286 
2532,2746,613.80,0.568279 
2533,2722,600.93,0.382073 
2534,2726,603.08,0.594841 
2535,2722,600.93,0.559372 
2536,2724,602.00,0.594832 
2537,2721,600.40,0.577095 
2538,2721,600.40,0.603691 
2539,2720,599.86,0.603690 
2540,2722,600.93,0.612556 
2541,2725,602.54,0.594823 
2542,2725,602.54,0.568220 
2543,2730,605.22,0.568214 
2544,2748,614.87,0.523875 
2545,2734,607.37,0.364263 
2546,2723,601.47,0.488360 
2547,2737,608.97,0.585876 
2548,2722,600.93,0.461739 
2549,2733,606.83,0.594719 
2550,2726,603.08,0.497183 
2551,2729,604.69,0.559233 
2552,2718,598.79,0.532626 
2553,2723,601.47,0.630148 
2554,2728,604.15,0.585818 
2555,2726,603.08,0.541480 
2556,2722,600.93,0.559204 
2557,2687,582.17,0.594664 
2558,2730,605.22,0.904995 
2559,2721,600.40,0.523770 
2560,2721,600.40,0.603558 
2561,2732,606.29,0.603557 
2562,2725,602.54,0.506022 
2563,2733,606.83,0.568074 
2564,2730,605.22,0.497135 
2565,2724,602.00,0.523719 
2566,2730,605.22,0.576906 
2567,2735,607.90,0.523701 
2568,2727,603.61,0.479356 
2569,2725,602.54,0.550270 
2570,2734,607.37,0.567995 
2571,2726,603.08,0.488189 
2572,2732,606.29,0.559105 
2573,2730,605.22,0.505897 
2574,2727,603.61,0.523616 
2575,2729,604.69,0.550203 
2576,2724,602.00,0.532462 
2577,2715,597.18,0.576783 
2578,2723,601.47,0.656579 
2579,2722,600.93,0.585652 
2580,2719,599.32,0.594516 
2581,2725,602.54,0.621114 
2582,2723,601.47,0.567915 
2583,2726,603.08,0.585642 
2584,2725,602.54,0.559039 
2585,2727,603.61,0.567898 
2586,2724,602.00,0.550158 
2587,2725,602.54,0.576750 
2588,2730,605.22,0.567879 
2589,2733,606.83,0.523539 
2590,2738,609.51,0.496927 
2591,2735,607.90,0.452576 
2592,2727,603.61,0.479155 
2593,2723,601.47,0.550069 
2594,2721,600.40,0.585527 
2595,2729,604.69,0.603257 
2596,2725,602.54,0.532323 
2597,2721,600.40,0.567778 
2598,2722,600.93,0.603239 
2599,2726,603.08,0.594372 
2600,2723,601.47,0.558903 
2601,2729,604.69,0.585495 
2602,2725,602.54,0.532292 
2603,2726,603.08,0.567747 
2604,2727,603.61,0.558875 
2605,2730,605.22,0.550000 
2606,2724,602.00,0.523392 
2607,2724,602.00,0.576579 
2608,2725,602.54,0.576574 
2609,2720,599.86,0.567703 
2610,2725,602.54,0.612030 
2611,2726,603.08,0.567697 
2612,2739,610.05,0.558825 
2613,2722,600.93,0.443550 
2614,2723,601.47,0.594261 
2615,2726,603.08,0.585392 
2616,2726,603.08,0.558788 
2617,2725,602.54,0.558781 
2618,2722,600.93,0.567640 
2619,2721,600.40,0.594235 
2620,2729,604.69,0.603099 
2621,2725,602.54,0.532165 
2622,2723,601.47,0.567620 
2623,2723,601.47,0.585347 
2624,2725,602.54,0.585343 
2625,2729,604.69,0.567607 
2626,2721,600.40,0.532134 
2627,2725,602.54,0.603056 
2628,2721,600.40,0.567588 
2629,2726,603.08,0.603049 
2630,2730,605.22,0.558715 
2631,2720,599.86,0.523241 
2632,2722,600.93,0.611895 
2633,2713,596.11,0.594163 
2634,2725,602.54,0.673960 
2635,2726,603.08,0.567569 
2636,2719,599.32,0.558697 
2637,2723,601.47,0.620756 
2638,2724,602.00,0.585291 
2639,2729,604.69,0.576420 
2640,2723,601.47,0.532083 
2641,2725,602.54,0.585271 
2642,2721,600.40,0.567534 
2643,2731,605.76,0.602995 
2644,2722,600.93,0.514327 
2645,2723,601.47,0.594114 
2646,2730,605.22,0.585245 
2647,2724,602.00,0.523175 
2648,2723,601.47,0.576362 
2649,2727,603.61,0.585224 
2650,2725,602.54,0.549754 
2651,2722,600.93,0.567479 
2652,2726,603.08,0.594073 
2653,2722,600.93,0.558604 
2654,2725,602.54,0.594064 
2655,2727,603.61,0.567461 
2656,2718,598.79,0.549721 
2657,2720,599.86,0.629513 
2658,2735,607.90,0.611782 
2659,2695,586.46,0.478783 
2660,2724,602.00,0.833430 
2661,2730,605.22,0.576329 
2662,2724,602.00,0.523125 
2663,2727,603.61,0.576312 
2664,2720,599.86,0.549707 
2665,2725,602.54,0.611766 
2666,2949,722.61,0.567433 
2667,2819,652.93,-1.418708 
2668,2869,679.73,-0.266332 
2669,2830,658.82,-0.709793 
2670,2839,663.65,-0.364182 
2671,2807,646.50,-0.444121 
2672,2771,627.20,-0.160539 
2673,2775,629.34,0.158551 
2674,2780,632.02,0.123019 
2675,2769,626.13,0.078616 
2676,2775,629.34,0.176074 
2677,2774,628.81,0.122811 
2678,2767,625.05,0.131607 
2679,2769,626.13,0.193606 
2680,2720,599.86,0.175813 
2681,2719,599.32,0.610218 
2682,2906,699.56,0.619086 
2683,2845,666.87,-1.038983 
2684,2779,631.49,-0.498351 
2685,2753,617.55,0.086690 
2686,2753,617.55,0.317149 
2687,2729,604.69,0.317107 
2688,2713,596.11,0.529866 
2689,2720,599.86,0.671721 
2690,2713,596.11,0.609664 
2691,2752,617.01,0.671731 
2692,2714,596.64,0.325940 
2693,2715,597.18,0.662834 
2694,2706,592.36,0.653974 
2695,2715,597.18,0.733781 
2696,2715,597.18,0.653999 
2697,2718,598.79,0.654006 
2698,2700,589.14,0.627413 
2699,2711,595.04,0.787016 
2700,2718,598.79,0.689508 
2701,2714,596.64,0.627453 
2702,2715,597.18,0.662923 
2703,2710,594.50,0.654064 
2704,2702,590.21,0.698404 
2705,2704,591.28,0.769350 
2706,2713,596.11,0.751641 
2707,2706,592.36,0.671861 
2708,2713,596.11,0.733937 
2709,2723,601.47,0.671889 
2710,2707,592.89,0.583231 
2711,2713,596.11,0.725095 
2712,2716,597.72,0.671911 
2713,2721,600.40,0.645321 
2714,2711,595.04,0.600993 
2715,2713,596.11,0.689659 
2716,2723,601.47,0.671937 
2717,2711,595.04,0.583280 
2718,2716,597.72,0.689676 
2719,2715,597.18,0.645355 
2720,2719,599.32,0.654226 
2721,2727,603.61,0.618767 
2722,2718,598.79,0.547835 
2723,2718,598.79,0.627626 
2724,2721,600.40,0.627629 
2725,2717,598.25,0.601032 
2726,2717,598.25,0.636497 
2727,2727,603.61,0.636502 
2728,2720,599.86,0.547839 
2729,2721,600.40,0.609897 
2730,2717,598.25,0.601031 
2731,2722,600.93,0.636496 
2732,2724,602.00,0.592168 
2733,2720,599.86,0.574432 
2734,2714,596.64,0.609894 
2735,2717,598.25,0.663095 
2736,2722,600.93,0.636502 
2737,2718,598.79,0.592174 
2738,2710,594.50,0.627638 
2739,2715,597.18,0.698574 
2740,2709,593.96,0.654253 
2741,2718,598.79,0.707461 
2742,2710,594.50,0.627675 
2743,2710,594.50,0.698611 
2744,2710,594.50,0.698624 
2745,2706,592.36,0.698637 
2746,2719,599.32,0.734117 
2747,2714,596.64,0.618869 
2748,2710,594.50,0.663204 
2749,2704,591.28,0.698678 
2750,2719,599.32,0.751891 
2751,2710,594.50,0.618912 
2752,2742,611.65,0.698713 
2753,2707,592.89,0.414993 
2754,2720,599.86,0.725299 
2755,2716,597.72,0.610049 
2756,2716,597.72,0.645516 
2757,2711,595.04,0.645522 
2758,2712,595.57,0.689860 
2759,2717,598.25,0.681006 
2760,2722,600.93,0.636682 
2761,2715,597.18,0.592354 
2762,2719,599.32,0.654418 
2763,2722,600.93,0.618958 
2764,2714,596.64,0.592360 
2765,2722,600.93,0.663291 
2766,2726,603.08,0.592366 
2767,2715,597.18,0.556897 
2768,2724,602.00,0.654422 
2769,2709,593.96,0.574628 
2770,2715,597.18,0.707625 
2771,2717,598.25,0.654438 
2772,2721,600.40,0.636712 
2773,2716,597.72,0.601250 
2774,2719,599.32,0.645582 
2775,2721,600.40,0.618988 
2776,2721,600.40,0.601256 
2777,2723,601.47,0.601255 
2778,2715,597.18,0.583520 
2779,2725,602.54,0.654450 
2780,2700,589.14,0.565790 
2781,2721,600.40,0.787451 
2782,2721,600.40,0.601277 
2783,2719,599.32,0.601276 
2784,2711,595.04,0.619008 
2785,2717,598.25,0.689943 
2786,2718,598.79,0.636754 
2787,2716,597.72,0.627892 
2788,2706,592.36,0.645629 
2789,2718,598.79,0.734301 
2790,2725,602.54,0.627919 
2791,2716,597.72,0.565855 
2792,2720,599.86,0.645649 
2793,2735,607.90,0.610188 
2794,2718,598.79,0.477188 
2795,2718,598.79,0.627903 
2796,2736,608.44,0.627905 
2797,2716,597.72,0.468308 
2798,2720,599.86,0.645622 
2799,2721,600.40,0.610160 
2800,2717,598.25,0.601294 
2801,2719,599.32,0.636759 
2802,2720,599.86,0.619031 
2803,2717,598.25,0.610165 
2804,2722,600.93,0.636765 
2805,2723,601.47,0.592437 
2806,2726,603.08,0.583568 
2807,2725,602.54,0.556965 
2808,2723,601.47,0.565824 
2809,2722,600.93,0.583551 
2810,2735,607.90,0.592415 
2811,2722,600.93,0.477145 
2812,2723,601.47,0.592394 
2813,2724,602.00,0.583524 
2814,2723,601.47,0.574654 
2815,2758,620.23,0.583516 
2816,2734,607.37,0.273178 
2817,2718,598.79,0.485931 
2818,2730,605.22,0.627780 
2819,2722,600.93,0.521383 
2820,2727,603.61,0.592305 
2821,2727,603.61,0.547968 
2822,2722,600.93,0.547960 
2823,2727,603.61,0.592285 
2824,2723,601.47,0.547949 
2825,2727,603.61,0.583407 
2826,2719,599.32,0.547937 
2827,2711,595.04,0.618862 
2828,2725,602.54,0.689797 
2829,2727,603.61,0.565675 
2830,2730,605.22,0.547935 
2831,2725,602.54,0.521327 
2832,2730,605.22,0.565648 
2833,2720,599.86,0.521309 
2834,2725,602.54,0.609963 
2835,2720,599.86,0.565630 
2836,2722,600.93,0.609957 
2837,2722,600.93,0.592225 
2838,2718,598.79,0.592223 
2839,2715,597.18,0.627686 
2840,2717,598.25,0.654289 
2841,2717,598.25,0.636562 
2842,2719,599.32,0.636566 
2843,2717,598.25,0.618838 
2844,2717,598.25,0.636572 
2845,2717,598.25,0.636576 
2846,2701,589.68,0.636580 
2847,2718,598.79,0.778452 
2848,2715,597.18,0.627743 
2849,2710,594.50,0.654346 
2850,2711,595.04,0.698686 
2851,2721,600.40,0.689832 
2852,2721,600.40,0.601178 
2853,2719,599.32,0.601177 
2854,2717,598.25,0.618909 
2855,2720,599.86,0.636643 
2856,2722,600.93,0.610048 
2857,2714,596.64,0.592316 
2858,2720,599.86,0.663246 
2859,2733,606.83,0.610054 
2860,2714,596.64,0.494788 
2861,2718,598.79,0.663239 
2862,2707,592.89,0.627779 
2863,2718,598.79,0.725316 
2864,2720,599.86,0.627799 
2865,2722,600.93,0.610069 
2866,2702,590.21,0.592336 
2867,2722,600.93,0.769666 
2868,2721,600.40,0.592358 
2869,2719,599.32,0.601222 
2870,2721,600.40,0.618954 
2871,2718,598.79,0.601222 
2872,2721,600.40,0.627821 
2873,2721,600.40,0.601224 
2874,2722,600.93,0.601223 
2875,2711,595.04,0.592356 
2876,2726,603.08,0.689887 
2877,2719,599.32,0.556899 
2878,2723,601.47,0.618958 
2879,2718,598.79,0.583493 
2880,2722,600.93,0.627822 
2881,2726,603.08,0.592359 
2882,2719,599.32,0.556890 
2883,2726,603.08,0.618949 
2884,2720,599.86,0.556884 
2885,2706,592.36,0.610076 
2886,2725,602.54,0.734210 
2887,2728,604.15,0.565762 
2888,2730,605.22,0.539155 
2889,2727,603.61,0.521412 
2890,2723,601.47,0.548000 
2891,2726,603.08,0.583458 
2892,2727,603.61,0.556855 
2893,2723,601.47,0.547980 
2894,2729,604.69,0.583439 
2895,2726,603.08,0.530236 
2896,2725,602.54,0.556825 
2897,2716,597.72,0.565683 
2898,2726,603.08,0.645478 
2899,2721,600.40,0.556817 
2900,2719,599.32,0.601143 
2901,2721,600.40,0.618875 
2902,2723,601.47,0.601143 
2903,2725,602.54,0.583409 
2904,2723,601.47,0.565672 
2905,2723,601.47,0.583399 
2906,2749,615.41,0.583396 
2907,2727,603.61,0.352858 
2908,2725,602.54,0.547889 
2909,2726,603.08,0.565613 
2910,2722,600.93,0.556741 
2911,2730,605.22,0.592201 
2912,2721,600.40,0.521265 
2913,2725,602.54,0.601053 
2914,2721,600.40,0.565585 
2915,2710,594.50,0.601046 
2916,2726,603.08,0.698577 
2917,2725,602.54,0.556724 
2918,2734,607.37,0.565583 
2919,2727,603.61,0.485777 
2920,2734,607.37,0.547826 
2921,2734,607.37,0.485751 
2922,2745,613.26,0.485733 
2923,2735,607.90,0.388183 
2924,2736,608.44,0.476818 
2925,2720,599.86,0.467932 
2926,2735,607.90,0.609779 
2927,2736,608.44,0.476779 
2928,2736,608.44,0.467893 
2929,2735,607.90,0.467873 
2930,2733,606.83,0.476721 
2931,2734,607.37,0.494435 
2932,2730,605.22,0.485552 
2933,2729,604.69,0.521001 
2934,2735,607.90,0.529856 
2935,2736,608.44,0.476644 
2936,2736,608.44,0.467758 
2937,2732,606.29,0.467738 
2938,2737,608.97,0.503185 
2939,2731,605.76,0.458837 
2940,2734,607.37,0.512015 
2941,2733,606.83,0.485402 
2942,2736,608.44,0.494251 
2943,2736,608.44,0.467634 
2944,2743,612.19,0.467614 
2945,2731,605.76,0.405528 
2946,2736,608.44,0.511899 
2947,2734,607.37,0.467552 
2948,2736,608.44,0.485265 
2949,2729,604.69,0.467514 
2950,2736,608.44,0.529562 
2951,2738,609.51,0.467483 
2952,2735,607.90,0.449729 
2953,2735,607.90,0.476307 
2954,2737,608.97,0.476289 
2955,2730,605.22,0.458536 
2956,2736,608.44,0.520582 
2957,2736,608.44,0.467369 
2958,2736,608.44,0.467349 
2959,2737,608.97,0.467329 
2960,2741,611.12,0.458442 
2961,2739,610.05,0.422954 
2962,2741,611.12,0.440661 
2963,2736,608.44,0.422904 
2964,2736,608.44,0.467210 
2965,2737,608.97,0.467190 
2966,2736,608.44,0.458304 
2967,2753,617.55,0.467149 
2968,2736,608.44,0.316396 
2969,2735,607.90,0.467087 
2970,2736,608.44,0.475934 
2971,2737,608.97,0.467048 
2972,2736,608.44,0.458162 
2973,2736,608.44,0.467007 
2974,2736,608.44,0.466987 
2975,2735,607.90,0.466967 
2976,2736,608.44,0.475814 
2977,2738,609.51,0.466928 
2978,2741,611.12,0.449174 
2979,2727,603.61,0.422552 
2980,2736,608.44,0.546659 
2981,2736,608.44,0.466850 
2982,2736,608.44,0.466830 
2983,2734,607.37,0.466810 
2984,2738,609.51,0.484524 
2985,2735,607.90,0.449039 
2986,2737,608.97,0.475617 
2987,2733,606.83,0.457865 
2988,2739,610.05,0.493311 
2989,2736,608.44,0.440094 
2990,2735,607.90,0.466670 
2991,2736,608.44,0.475517 
2992,2736,608.44,0.466631 
2993,2736,608.44,0.466611 
2994,2755,618.62,0.466591 
2995,2738,609.51,0.298105 
2996,2745,613.26,0.448793 
2997,2742,611.65,0.386704 
2998,2737,608.97,0.413273 
2999,2745,613.26,0.457578 
3000,2736,608.44,0.386624 
3001,2740,610.58,0.466391 
3002,2740,610.58,0.430905 
3003,2743,612.19,0.430880 
3004,2736,608.44,0.404254 
3005,2736,608.44,0.466292 
3006,2737,608.97,0.466272 
3007,2736,608.44,0.457386 
3008,2735,607.90,0.466231 
3009,2736,608.44,0.475078 
3010,2736,608.44,0.466192 
3011,2736,608.44,0.466172 
3012,2735,607.90,0.466152 
3013,2733,606.83,0.474999 
3014,2736,608.44,0.492714 
3015,2731,605.76,0.466096 
3016,2738,609.51,0.510410 
3017,2729,604.69,0.448329 
3018,2731,605.76,0.528108 
3019,2733,606.83,0.510362 
3020,2737,608.97,0.492616 
3021,2736,608.44,0.457133 
3022,2735,607.90,0.465978 
3023,2736,608.44,0.474825 
3024,2736,608.44,0.465939 
3025,2736,608.44,0.465919 
3026,2736,608.44,0.465899 
3027,2736,608.44,0.465879 
3028,2743,612.19,0.465859 
3029,2735,607.90,0.403772 
3030,2741,611.12,0.474677 
3031,2736,608.44,0.421457 
3032,2731,605.76,0.465764 
3033,2735,607.90,0.510077 
3034,2735,607.90,0.474598 
3035,2736,608.44,0.474579 
3036,2731,605.76,0.465693 
3037,2735,607.90,0.510006 
3038,2736,608.44,0.474526 
3039,2747,614.33,0.465640 
3040,2734,607.37,0.368087 
3041,2736,608.44,0.483320 
3042,2736,608.44,0.465569 
3043,2735,607.90,0.465549 
3044,2738,609.51,0.474396 
3045,2741,611.12,0.447776 
3046,2739,610.05,0.421154 
3047,2731,605.76,0.438861 
3048,2732,606.29,0.509770 
3049,2720,599.86,0.500890 
3050,2738,609.51,0.607275 
3051,2734,607.37,0.447675 
3052,2736,608.44,0.483119 
3053,2736,608.44,0.465368 
3054,2736,608.44,0.465348 
3055,2738,609.51,0.465328 
3056,2736,608.44,0.447575 
3057,2737,608.97,0.465286 
3058,2737,608.97,0.456399 
3059,2736,608.44,0.456378 
3060,2739,610.05,0.465223 
3061,2732,606.29,0.438603 
3062,2737,608.97,0.500646 
3063,2733,606.83,0.456298 
3064,2732,606.29,0.491743 
3065,2736,608.44,0.500593 
3066,2729,604.69,0.465111 
3067,2731,605.76,0.527159 
3068,2733,606.83,0.509413 
3069,2733,606.83,0.491667 
3070,2735,607.90,0.491651 
3071,2750,615.94,0.473901 
3072,2732,606.29,0.340881 
3073,2727,603.61,0.500444 
3074,2729,604.69,0.544763 
3075,2729,604.69,0.527021 
3076,2730,605.22,0.527010 
3077,2730,605.22,0.518132 
3078,2736,608.44,0.518119 
3079,2735,607.90,0.464906 
3080,2725,602.54,0.473754 
3081,2732,606.29,0.562401 
3082,2735,607.90,0.500329 
3083,2736,608.44,0.473714 
3084,2733,606.83,0.464828 
3085,2736,608.44,0.491409 
3086,2736,608.44,0.464792 
3087,2736,608.44,0.464771 
3088,2725,602.54,0.464751 
3089,2735,607.90,0.562265 
3090,2731,605.76,0.473593 
3091,2733,606.83,0.509040 
3092,2731,605.76,0.491294 
3093,2736,608.44,0.509010 
3094,2733,606.83,0.464663 
3095,2731,605.76,0.491244 
3096,2731,605.76,0.508960 
3097,2738,609.51,0.508946 
3098,2722,600.93,0.446866 
3099,2728,604.15,0.588711 
3100,2724,602.00,0.535507 
3101,2729,604.69,0.570965 
3102,2727,603.61,0.526627 
3103,2672,574.13,0.544349 
3104,2726,603.08,1.032008 
3105,2727,603.61,0.553269 
3106,2723,601.47,0.544394 
3107,2729,604.69,0.579853 
3108,2731,605.76,0.526650 
3109,2734,607.37,0.508904 
3110,2726,603.08,0.482291 
3111,2730,605.22,0.553207 
3112,2730,605.22,0.517733 
3113,2726,603.08,0.517721 
3114,2730,605.22,0.553175 
3115,2727,603.61,0.517701 
3116,2718,598.79,0.544288 
3117,2726,603.08,0.624080 
3118,2732,606.29,0.553150 
3119,2723,601.47,0.499942 
3120,2727,603.61,0.579727 
3121,2726,603.08,0.544257 
3122,2725,602.54,0.553115 
3123,2727,603.61,0.561974 
3124,2724,602.00,0.544235 
3125,2725,602.54,0.570826 
3126,2711,595.04,0.561955 
3127,2725,602.54,0.686082 
3128,2726,603.08,0.561961 
3129,2714,596.64,0.553088 
